353,-1,1,0,0,-1
33,37,31,5,29,33,11,49,37,46,9,15,46,49,5,29,
355,-1,1,1,0,-1
11,14,44,28,15,29,23,7,21,28,45,5,18,43,19,35,
356,-1,0,0,0,-1
46,3,32,45,5,20,45,38,6,41,34,20,7,43,25,43,
357,-1,0,0,0,-1
22,49,8,2,4,2,35,23,5,19,40,34,31,47,4,18,
358,-1,1,1,0,-1
17,24,4,5,11,42,35,12,25,44,28,18,47,15,33,4,
359,-1,0,0,0,-1
45,42,32,4,47,10,11,19,41,42,31,27,8,23,18,48,
360,-1,1,1,0,-1
45,16,3,50,8,31,3,43,46,34,27,23,12,37,22,38,
361,-1,0,0,0,-1
32,37,26,28,36,49,41,27,47,48,17,18,42,17,5,23,
362,-1,0,0,0,-1
47,26,35,33,4,32,29,48,21,17,46,46,23,47,2,3,
363,-1,1,1,0,-1
30,39,50,38,10,30,42,25,1,25,22,11,38,6,20,40,
364,-1,0,0,0,-1
28,40,1,27,21,21,32,14,5,11,2,17,27,12,16,31,
365,-1,0,0,0,-1
26,27,12,48,12,43,6,15,21,13,41,18,25,32,9,3,
366,-1,1,1,0,-1
9,12,42,27,11,44,19,13,13,45,34,21,33,35,29,7,
367,-1,0,0,0,-1
33,39,26,5,24,27,12,8,44,50,41,17,5,27,25,36,
368,-1,1,1,0,-1
44,49,40,31,9,6,9,30,50,43,26,27,18,48,47,3,
369,-1,0,0,0,-1
44,34,38,12,38,44,14,18,23,33,35,14,20,13,30,17,
370,-1,0,0,0,-1
24,47,28,23,14,11,16,31,47,42,20,24,26,49,21,46,
371,-1,1,1,0,-1
50,19,21,45,48,23,18,47,24,3,20,26,3,45,17,24,
372,-1,0,0,0,-1
28,27,41,15,26,30,5,3,6,8,50,39,31,3,3,1,
373,-1,1,1,0,-1
26,43,44,16,48,20,49,7,1,10,16,27,50,21,8,34,
374,-1,0,0,0,-1
10,12,44,12,46,7,6,15,19,44,50,23,2,26,1,8,
375,-1,0,0,0,-1
10,33,5,45,14,25,13,5,11,40,3,35,35,8,26,31,
376,0,1,1,0,-1
26,5,31,13,39,33,35,48,18,39,31,40,48,18,24,36,
377,-1,0,0,0,-1
42,34,47,44,31,40,17,1,42,14,49,10,25,37,11,13,
378,-1,0,0,0,-1
28,45,46,28,18,38,23,35,48,1,28,14,14,25,23,30,
379,-1,1,1,0,-1
40,50,50,38,42,28,6,43,14,43,42,41,42,42,8,50,
380,-1,0,0,0,-1
12,13,12,32,18,34,46,45,22,34,14,37,32,33,25,46,
381,-1,1,1,0,-1
40,33,3,27,21,29,19,45,17,14,32,33,33,27,12,2,
382,-1,0,0,0,-1
11,38,37,40,39,31,2,17,5,3,35,42,3,42,2,11,
383,-1,0,0,0,-1
12,22,7,41,36,18,47,45,27,9,18,26,49,18,23,20,
384,-1,1,1,0,-1
29,7,12,20,22,37,39,42,10,21,28,23,17,10,22,5,
385,-1,0,0,0,-1
22,50,37,28,39,8,11,22,38,26,19,34,8,40,20,20,
386,-1,0,0,0,-1
1,2,6,43,19,20,24,43,40,44,12,24,18,6,23,29,
387,-1,1,1,0,-1
25,33,27,24,17,17,10,6,21,40,42,28,17,20,19,18,
388,-1,0,0,0,-1
8,32,20,8,33,4,34,24,13,23,46,45,50,27,28,4,
389,1,1,1,0,-1
25,33,22,47,33,14,23,4,33,24,49,21,45,45,1,32,
390,-1,0,0,0,-1
48,28,46,41,22,9,28,44,8,6,8,29,32,38,50,5,
391,-1,0,0,0,-1
22,25,17,37,4,39,31,35,45,7,43,23,28,46,12,7,
392,-1,1,1,0,-1
41,30,24,3,26,6,3,50,20,50,16,31,35,7,48,14,
393,-1,0,0,0,-1
40,20,12,47,26,23,27,23,46,24,5,22,7,26,6,16,
394,-1,1,1,0,-1
17,19,41,14,14,21,24,17,37,26,14,12,40,27,10,48,
395,-1,0,0,0,-1
18,42,41,37,9,8,47,21,28,13,49,6,41,8,44,23,
396,-1,0,0,0,-1
38,44,48,5,40,26,38,28,12,27,24,19,37,27,5,28,
397,-1,1,1,0,-1
39,33,22,35,39,45,45,3,17,30,20,40,32,44,17,10,
398,-1,0,0,0,-1
23,44,12,9,32,17,31,2,36,41,43,9,44,35,9,25,
399,-1,0,0,0,-1
48,6,34,20,4,43,24,40,15,30,7,33,10,13,16,3,
400,-1,1,1,0,-1
12,30,12,11,48,32,14,12,10,8,39,25,44,41,21,6,
401,-1,0,0,0,-1
24,42,14,42,42,23,26,34,42,36,2,24,30,25,14,14,
402,-1,1,1,0,-1
27,50,15,15,49,28,21,44,35,47,27,4,43,42,39,19,
403,-1,0,0,0,-1
28,26,18,18,23,40,32,8,11,48,45,18,10,35,39,21,
404,-1,0,0,0,-1
9,13,34,20,26,5,48,10,31,17,38,33,20,5,28,36,
405,-1,1,1,0,-1
10,6,32,31,14,27,20,7,10,4,1,46,12,27,1,39,
406,-1,0,0,0,-1
40,17,21,9,38,27,32,19,26,19,27,33,22,29,29,37,
407,-1,1,1,0,-1
31,31,30,32,5,1,24,28,41,37,7,8,12,10,40,25,
408,-1,0,0,0,-1
48,50,10,46,33,9,24,33,13,26,4,18,9,13,46,11,
409,-1,0,0,0,-1
4,24,27,30,22,37,30,6,31,25,21,24,40,5,33,47,
410,2,1,1,0,-1
30,46,30,24,26,42,30,35,14,37,3,14,32,49,25,3,
411,-1,0,0,0,-1
44,38,26,25,22,13,24,7,13,23,13,46,44,44,16,25,
412,-1,0,0,0,-1
47,46,45,33,30,48,47,37,30,8,7,13,21,48,50,41,
413,-1,1,1,0,-1
1,5,49,42,23,36,26,21,17,32,48,30,41,7,6,33,
414,-1,0,0,0,-1
46,35,1,47,10,25,36,38,42,44,47,7,49,26,50,26,
415,-1,1,1,0,-1
37,42,40,44,24,8,42,25,39,47,23,36,33,39,27,40,
416,-1,0,0,0,-1
3,29,41,26,4,34,3,10,29,48,41,36,7,37,44,44,
417,-1,0,0,0,-1
9,10,39,35,39,29,4,31,49,33,19,12,7,23,16,6,
418,-1,1,1,0,-1
40,27,39,38,9,23,49,4,30,47,8,40,25,30,43,31,
419,-1,0,0,0,-1
27,16,12,36,3,15,44,16,33,26,33,41,35,8,1,50,
420,-1,0,0,0,-1
5,11,2,45,48,39,29,13,45,1,49,49,26,41,40,6,
421,-1,1,1,0,-1
46,39,8,30,45,5,4,23,11,25,33,5,48,23,33,10,
422,-1,0,0,0,-1
42,2,47,17,15,2,13,9,49,16,2,13,6,38,13,9,
423,-1,1,1,0,-1
13,4,24,23,28,29,30,39,41,16,10,39,20,27,37,21,
424,-1,0,0,0,-1
9,15,33,8,37,37,31,7,14,18,17,34,31,2,30,19,
425,-1,0,0,0,-1
19,19,22,4,18,24,31,16,10,13,4,38,42,16,41,43,
426,-1,1,1,0,-1
28,6,44,42,25,4,39,20,2,50,47,20,48,34,40,50,
427,-1,0,0,0,-1
37,37,17,44,12,49,50,14,14,23,22,32,1,7,24,30,
428,-1,1,1,0,-1
50,26,20,18,18,6,16,22,36,37,8,18,31,48,43,32,
429,-1,0,0,0,-1
33,42,48,31,48,48,36,46,7,49,28,20,4,14,42,17,
430,-1,0,0,0,-1
8,22,44,24,34,40,17,49,14,19,29,8,11,17,21,31,
431,3,1,1,0,-1
38,5,9,6,22,22,50,49,21,38,47,8,41,30,14,23,
432,-1,0,0,0,-1
12,31,16,7,40,30,25,46,1,27,6,13,38,18,48,50,
433,-1,0,0,0,-1
7,46,44,1,17,31,27,8,22,36,33,41,23,4,47,10,
434,-1,1,1,0,-1
49,4,20,1,45,32,18,10,49,19,32,12,14,48,1,48,
435,-1,0,0,0,-1
41,34,9,47,26,17,11,44,35,25,36,39,6,13,43,22,
436,-1,1,1,0,-1
37,24,48,7,14,16,23,33,24,14,35,33,11,47,15,13,
437,-1,0,0,0,-1
18,37,30,46,33,46,32,41,12,5,46,40,47,18,45,13,
438,-1,0,0,0,-1
2,45,8,9,9,45,29,22,44,8,11,47,27,16,14,16,
439,-1,1,1,0,-1
40,48,9,44,16,26,3,35,26,36,19,44,37,11,37,29,
440,-1,0,0,0,-1
47,23,45,45,46,39,6,19,50,6,42,11,50,9,15,19,
441,-1,0,0,0,-1
17,40,5,16,3,45,7,14,1,20,48,14,43,36,41,32,
442,-1,1,1,0,-1
12,4,21,26,20,20,48,7,38,39,17,43,1,40,7,26,
443,-1,0,0,0,-1
43,4,21,26,44,26,23,40,23,14,8,7,23,40,17,29,
444,4,1,1,0,-1
8,22,38,27,18,11,30,11,11,40,47,32,43,43,15,31,
445,-1,0,0,0,-1
36,20,15,1,6,7,30,39,40,26,6,34,16,25,42,18,
446,-1,0,0,0,-1
15,12,36,16,9,41,25,27,37,9,46,42,20,30,34,3,
447,-1,1,1,0,-1
12,27,17,46,49,39,14,8,27,17,34,14,32,46,10,43,
448,-1,0,0,0,-1
7,42,23,45,3,21,23,30,24,18,10,26,43,38,24,10,
449,-1,1,1,0,-1
47,8,11,25,19,9,46,11,43,6,50,47,46,11,21,8,
450,-1,0,0,0,-1
7,6,27,17,22,40,31,18,21,33,25,21,17,37,47,10,
451,-1,0,0,0,-1
48,15,37,19,2,30,8,15,13,44,2,18,43,33,17,41,
452,-1,1,1,0,-1
43,40,20,5,40,11,13,7,50,8,5,36,46,40,43,32,
453,-1,0,0,0,-1
32,2,43,33,19,49,4,36,18,22,20,3,36,50,7,2,
454,-1,0,0,0,-1
4,14,50,23,10,46,17,4,17,28,37,48,25,8,49,39,
455,-1,1,1,0,-1
33,19,16,28,23,26,30,42,34,27,45,47,2,36,36,15,
456,-1,0,0,0,-1
13,13,39,44,24,17,2,13,37,37,11,43,7,24,7,26,
457,-1,1,1,0,-1
2,48,6,44,38,17,10,17,42,33,24,37,22,29,13,23,
458,-1,0,0,0,-1
33,50,43,34,35,34,34,2,25,49,40,16,1,34,6,7,
459,-1,0,0,0,-1
26,17,8,6,8,18,13,45,29,33,9,33,8,10,18,22,
460,-1,1,1,0,-1
8,49,50,39,45,47,32,31,35,17,43,36,15,47,48,24,
461,-1,0,0,0,-1
35,35,32,22,30,16,33,19,41,37,1,6,37,22,5,1,
462,-1,1,1,0,-1
29,28,50,40,29,18,49,28,7,16,6,5,25,17,14,49,
463,-1,0,0,0,-1
41,27,14,26,45,27,10,19,29,12,37,19,12,47,9,41,
464,-1,0,0,0,-1
44,4,38,20,5,41,50,44,10,10,7,10,39,33,43,39,
465,5,1,1,0,-1
20,5,35,8,46,19,25,2,42,13,19,43,1,28,14,38,
466,-1,0,0,0,-1
44,44,21,21,42,7,49,12,7,4,2,21,17,20,48,44,
467,-1,0,0,0,-1
33,17,42,35,19,21,4,1,19,4,16,8,26,23,40,20,
468,-1,1,1,0,-1
21,8,29,26,36,20,4,27,22,19,46,16,40,19,20,45,
469,-1,0,0,0,-1
12,22,44,32,29,42,38,23,6,17,32,28,34,35,23,17,
470,-1,1,1,0,-1
27,22,48,17,12,50,46,5,20,10,22,4,24,42,48,7,
471,-1,0,0,0,-1
4,22,20,47,17,33,31,17,12,39,22,10,39,25,25,46,
472,-1,0,0,0,-1
6,27,15,34,46,1,12,19,6,2,39,25,19,39,10,41,
473,-1,1,1,0,-1
31,39,15,2,7,10,23,2,29,43,32,48,36,4,45,49,
474,-1,0,0,0,-1
41,8,34,49,16,36,32,48,34,25,17,13,46,11,39,14,
475,-1,0,0,0,-1
4,34,37,35,17,14,28,18,30,45,33,44,47,17,27,2,
476,-1,1,1,0,-1
10,42,21,38,11,33,18,5,44,42,37,3,31,25,5,44,
477,-1,0,0,0,-1
36,28,45,15,30,20,40,49,46,17,19,9,21,39,18,2,
478,6,1,1,0,-1
7,33,5,35,13,35,26,43,11,47,22,19,5,17,29,11,
479,-1,0,0,0,-1
24,24,9,14,3,12,18,37,33,49,4,2,5,27,46,4,
480,-1,0,0,0,-1
27,42,44,49,22,26,37,46,15,2,27,18,49,23,11,18,
481,-1,1,1,0,-1
24,37,28,44,31,24,22,49,50,31,38,11,40,32,35,46,
482,-1,0,0,0,-1
10,3,18,37,28,4,16,8,41,16,38,6,4,25,8,13,
483,-1,1,1,0,-1
34,26,46,11,1,14,4,38,3,47,30,28,6,47,7,47,
484,-1,0,0,0,-1
9,46,17,35,40,46,6,11,28,35,10,37,28,36,20,34,
485,-1,0,0,0,-1
25,35,12,29,17,24,34,39,17,27,12,29,44,28,15,31,
486,-1,1,1,0,-1
32,13,32,21,27,12,33,4,20,37,2,39,40,29,31,30,
487,-1,0,0,0,-1
22,24,40,7,1,44,24,18,25,33,49,28,11,43,39,29,
488,-1,0,0,0,-1
33,10,18,31,21,47,33,32,16,29,16,3,41,8,12,30,
489,-1,1,1,0,-1
11,7,38,26,28,45,13,44,26,22,10,21,2,26,13,28,
490,-1,0,0,0,-1
39,39,30,26,26,3,25,22,19,32,8,45,31,41,5,6,
491,-1,1,1,0,-1
40,6,25,31,20,11,31,31,42,14,5,36,32,11,37,11,
492,-1,0,0,0,-1
15,23,46,46,14,24,43,11,8,34,20,22,16,9,1,32,
493,-1,0,0,0,-1
20,27,13,33,34,34,47,45,7,19,15,25,11,11,30,11,
494,-1,1,1,0,-1
4,8,11,37,7,7,26,3,48,23,32,32,22,5,46,48,
495,-1,0,0,0,-1
41,22,11,20,1,15,16,39,48,38,8,17,42,6,48,35,
496,-1,0,0,0,-1
26,39,7,40,7,7,21,35,42,39,3,40,29,12,30,40,
497,-1,1,1,0,-1
23,30,7,47,50,12,38,39,42,27,26,49,47,43,30,30,
498,-1,0,0,0,-1
1,43,6,28,13,46,27,36,24,1,3,35,32,34,46,32,
499,7,1,1,0,-1
48,41,43,35,14,13,8,45,20,8,33,7,21,5,48,39,
500,-1,0,0,0,-1
15,38,12,22,11,21,5,6,14,38,44,15,25,23,2,37,
501,-1,0,0,0,-1
20,27,11,2,37,43,35,38,16,7,29,35,18,13,33,24,
502,-1,1,1,0,-1
38,43,23,12,41,46,6,4,39,23,11,39,35,3,25,9,
503,-1,0,0,0,-1
16,47,45,42,13,16,16,26,9,34,29,16,12,34,3,32,
504,-1,1,1,0,-1
26,35,1,7,47,34,39,28,35,29,43,37,11,6,9,37,
505,-1,0,0,0,-1
27,23,30,38,41,32,18,5,16,2,21,22,10,12,38,7,
506,-1,0,0,0,-1
34,40,26,1,23,28,10,23,23,44,8,50,36,36,31,31,
507,-1,1,1,0,-1
40,48,10,19,25,27,18,36,40,44,32,11,34,47,34,2,
508,-1,0,0,0,-1
46,45,2,8,14,1,17,37,44,46,12,24,31,30,30,13,
509,-1,0,0,0,-1
23,13,46,27,10,3,40,27,9,2,39,15,12,34,37,19,
510,-1,1,1,0,-1
44,22,6,6,50,7,45,29,8,37,17,47,16,22,49,46,
511,-1,0,0,0,-1
42,30,38,39,30,38,30,9,35,13,7,48,23,23,32,6,
512,-1,1,1,0,-1
24,20,38,37,11,42,32,21,12,42,17,14,43,43,29,31,
513,-1,0,0,0,-1
45,35,21,7,6,4,43,24,49,50,17,20,23,43,47,16,
514,-1,0,0,0,-1
2,21,4,42,16,19,30,8,41,20,22,17,49,24,41,30,
515,-1,1,1,0,-1
37,3,7,40,32,13,2,32,43,13,26,39,28,41,11,1,
516,-1,0,0,0,-1
35,30,19,47,31,33,10,40,6,18,42,18,21,42,24,10,
517,-1,1,1,0,-1
38,38,38,21,6,23,8,13,17,47,39,21,24,27,48,41,
518,-1,0,0,0,-1
50,45,45,42,6,39,42,17,2,48,39,42,22,13,11,11,
519,-1,0,0,0,-1
10,13,29,1,48,34,49,23,40,24,2,2,44,25,18,12,
520,8,1,1,0,-1
2,28,5,11,46,16,31,36,23,12,16,8,40,8,8,29,
521,-1,0,0,0,-1
45,48,23,10,25,27,6,1,9,26,42,35,18,31,14,10,
522,-1,0,0,0,-1
32,4,28,37,47,15,42,38,2,50,31,27,39,4,10,24,
523,-1,1,1,0,-1
35,6,49,47,45,38,25,15,13,50,8,13,6,9,50,30,
524,-1,0,0,0,-1
6,37,32,45,15,25,40,36,14,46,15,39,36,28,36,5,
525,-1,1,1,0,-1
45,37,34,15,7,39,13,26,39,36,50,13,15,19,42,48,
526,-1,0,0,0,-1
24,6,16,41,22,15,43,27,22,40,15,34,20,28,21,7,
527,-1,0,0,0,-1
41,43,15,10,12,42,29,45,25,29,46,41,37,3,37,41,
528,-1,1,1,0,-1
43,47,28,27,48,40,13,31,36,8,31,34,34,44,46,19,
529,-1,0,0,0,-1
11,13,24,42,12,48,16,42,16,11,18,16,41,37,13,4,
530,-1,0,0,0,-1
30,3,15,28,28,47,34,37,20,41,9,6,28,15,27,41,
531,-1,1,1,0,-1
45,19,1,48,12,31,49,36,43,49,17,41,42,28,12,25,
532,-1,0,0,0,-1
13,3,48,36,36,50,9,16,31,39,44,27,42,27,9,21,
533,9,1,1,0,-1
2,18,44,12,49,12,23,18,33,20,50,8,24,19,25,17,
534,-1,0,0,0,-1
18,23,8,18,41,30,28,13,45,37,32,19,30,50,43,29,
535,-1,0,0,0,-1
1,31,28,33,33,35,32,32,6,21,19,43,31,26,7,39,
536,-1,1,1,0,-1
16,15,13,3,15,47,36,13,22,30,15,27,13,31,24,37,
537,-1,0,0,0,-1
14,42,9,25,25,13,45,20,17,29,10,32,8,42,35,18,
538,-1,1,1,0,-1
24,36,50,25,22,10,38,48,40,10,32,15,16,25,19,29,
539,-1,0,0,0,-1
43,15,20,32,27,12,40,19,10,50,23,10,33,13,20,3,
540,-1,0,0,0,-1
13,50,14,13,41,27,43,18,17,31,23,19,29,33,20,11,
541,-1,1,1,0,-1
29,16,49,25,10,13,20,36,14,31,10,8,27,24,9,47,
542,-1,0,0,0,-1
16,22,20,9,6,3,27,2,6,21,8,23,9,21,12,43,
543,-1,0,0,0,-1
27,36,49,32,48,10,28,30,23,13,8,25,44,49,8,23,
544,-1,1,1,0,-1
47,12,12,8,31,19,20,25,45,50,9,4,37,36,35,7,
545,-1,0,0,0,-1
11,26,38,45,33,18,4,29,9,19,40,24,6,25,40,4,
546,-1,1,1,0,-1
39,25,44,21,38,25,45,10,43,35,13,13,30,16,14,43,
547,-1,0,0,0,-1
21,10,45,12,2,2,10,29,25,16,49,48,40,29,30,14,
548,-1,0,0,0,-1
7,5,44,49,4,37,1,10,41,39,14,50,42,21,28,35,
549,-1,1,1,0,-1
28,13,11,18,30,44,24,20,38,46,20,45,50,43,21,50,
550,-1,0,0,0,-1
30,6,23,44,12,12,21,11,6,21,46,40,30,41,26,39,
551,-1,1,1,0,-1
33,16,44,27,23,31,49,1,49,31,37,29,21,25,5,27,
552,-1,0,0,0,-1
29,37,13,5,30,43,43,44,12,20,41,41,5,28,17,40,
553,-1,0,0,0,-1
32,37,27,40,20,25,43,45,44,31,19,39,46,9,27,33,
554,10,1,1,0,-1
46,4,4,19,20,9,9,20,5,8,17,27,27,34,1,16,
555,-1,0,0,0,-1
10,18,14,44,21,1,31,42,34,48,29,15,45,20,38,32,
556,-1,0,0,0,-1
17,42,36,50,45,9,2,48,29,26,39,35,7,2,37,50,
557,-1,1,1,0,-1
32,36,37,8,27,20,15,21,33,19,43,37,28,44,39,34,
558,-1,0,0,0,-1
28,5,24,25,36,3,13,35,5,36,44,32,34,33,49,16,
559,-1,1,1,0,-1
49,21,45,46,7,34,30,24,24,2,5,37,48,48,42,19,
560,-1,0,0,0,-1
17,45,39,39,46,28,22,38,16,19,17,32,7,48,32,28,
561,-1,0,0,0,-1
20,34,38,24,37,45,39,18,30,25,38,26,47,13,17,31,
562,-1,1,1,0,-1
50,19,39,17,35,10,46,20,33,2,39,47,19,9,18,23,
563,-1,0,0,0,-1
46,1,6,36,2,3,10,36,31,9,22,7,29,21,29,20,
564,-1,0,0,0,-1
44,22,7,37,2,30,36,45,13,11,26,21,49,34,35,31,
565,-1,1,1,0,-1
11,34,49,4,18,45,33,14,35,1,38,19,16,24,39,31,
566,-1,0,0,0,-1
15,45,27,45,25,17,38,38,26,12,31,22,35,1,29,4,
567,-1,1,1,0,-1
7,45,40,3,40,37,38,5,12,4,18,30,12,26,10,11,
568,-1,0,0,0,-1
10,10,37,16,29,28,4,40,28,3,35,34,48,20,5,12,
569,-1,0,0,0,-1
21,43,31,38,17,44,27,6,20,44,25,13,6,13,2,5,
570,-1,1,1,0,-1
47,28,3,38,35,41,33,42,8,6,14,26,41,7,11,39,
571,-1,0,0,0,-1
7,47,17,17,29,11,19,32,42,46,32,5,35,27,44,3,
572,-1,1,1,0,-1
9,28,25,47,7,14,14,41,31,17,35,11,17,43,33,25,
573,-1,0,0,0,-1
5,13,45,25,14,23,3,20,49,45,27,40,45,24,17,1,
574,-1,0,0,0,-1
2,26,28,48,28,35,10,25,50,33,35,50,48,3,21,48,
575,11,1,1,0,-1
34,46,30,35,10,13,15,23,26,3,1,5,42,44,22,23,
576,-1,0,0,0,-1
7,9,30,20,47,21,19,18,25,28,9,30,42,42,29,42,
577,-1,0,0,0,-1
10,35,19,5,15,4,42,25,14,4,20,21,5,29,50,48,
578,-1,1,1,0,-1
33,43,34,44,42,14,25,5,25,40,4,20,21,13,40,35,
579,-1,0,0,0,-1
21,41,25,25,32,1,28,23,40,1,42,46,18,30,19,20,
580,-1,1,1,0,-1
17,24,22,41,1,1,12,13,42,38,50,44,5,9,38,40,
581,-1,0,0,0,-1
27,18,14,34,29,3,39,41,27,38,46,21,46,32,13,14,
582,-1,0,0,0,-1
20,15,17,41,38,43,8,19,50,31,16,29,28,11,30,34,
583,-1,1,1,0,-1
23,10,22,20,16,34,1,28,20,42,48,2,26,22,46,45,
584,-1,0,0,0,-1
26,40,28,41,36,4,5,4,28,15,12,40,10,36,11,38,
585,-1,0,0,0,-1
48,13,37,18,47,6,33,32,20,35,20,8,1,12,6,18,
586,-1,1,1,0,-1
44,13,15,15,42,17,12,21,6,18,24,14,48,12,5,44,
587,-1,0,0,0,-1
13,15,20,4,48,17,26,33,35,27,29,16,6,41,12,7,
588,12,1,1,0,-1
39,12,35,16,15,30,3,6,10,32,39,5,30,26,46,39,
589,-1,0,0,0,-1
38,18,31,15,8,8,33,7,4,8,23,4,6,29,34,28,
590,-1,0,0,0,-1
8,27,29,49,19,27,45,12,28,23,45,31,41,16,19,26,
591,-1,1,1,0,-1
46,7,45,19,20,25,31,37,18,46,23,29,34,26,17,4,
592,-1,0,0,0,-1
41,45,45,19,10,30,46,21,31,4,39,4,26,2,48,25,
593,-1,1,1,0,-1
2,38,25,8,36,50,31,44,8,27,29,36,46,46,7,44,
594,-1,0,0,0,-1
6,16,11,12,37,20,20,3,41,36,29,49,13,31,47,39,
595,-1,0,0,0,-1
8,36,25,48,10,16,6,8,18,40,26,20,38,30,19,29,
596,-1,1,1,0,-1
44,29,9,39,26,20,42,37,9,23,22,26,33,21,27,49,
597,-1,0,0,0,-1
22,22,29,13,11,13,12,4,23,41,8,4,35,14,26,40,
598,-1,0,0,0,-1
12,5,48,11,10,46,46,39,9,22,1,42,46,46,36,22,
599,-1,1,1,0,-1
3,1,13,15,10,48,32,40,20,45,34,27,4,48,45,16,
600,-1,0,0,0,-1
31,39,21,42,35,37,36,46,32,37,42,27,44,41,25,2,
601,-1,1,1,0,-1
4,4,14,23,50,3,26,38,28,1,4,48,24,17,23,36,
602,-1,0,0,0,-1
44,39,7,21,21,44,35,1,2,12,27,23,6,24,27,5,
603,-1,0,0,0,-1
43,16,27,45,38,16,49,38,12,28,25,48,41,5,10,21,
604,-1,1,1,0,-1
5,26,34,45,1,25,30,31,6,37,16,15,1,41,22,46,
605,-1,0,0,0,-1
45,18,46,16,27,42,41,12,11,23,46,22,15,31,3,25,
606,-1,1,1,0,-1
22,20,3,43,15,48,2,35,33,48,45,29,10,37,30,11,
607,-1,0,0,0,-1
36,12,44,26,32,49,16,1,29,6,33,32,32,50,34,49,
608,-1,0,0,0,-1
48,1,33,46,50,38,18,2,2,16,31,30,20,3,15,15,
609,13,1,1,0,-1
46,41,25,38,42,25,21,4,40,36,41,42,7,19,4,3,
610,-1,0,0,0,-1
8,14,21,38,2,48,11,1,19,49,16,18,42,16,46,34,
611,-1,0,0,0,-1
48,41,40,26,7,16,19,17,16,31,45,9,4,19,37,38,
612,-1,1,1,0,-1
25,2,38,26,46,30,10,44,26,10,10,15,11,18,45,35,
613,-1,0,0,0,-1
11,4,32,47,11,34,3,7,35,48,23,48,20,27,49,37,
614,-1,1,1,0,-1
39,48,18,25,6,1,26,5,39,35,10,16,9,50,36,30,
615,-1,0,0,0,-1
10,30,42,14,9,37,28,45,18,26,28,2,25,5,18,28,
616,-1,0,0,0,-1
5,20,13,29,44,44,29,25,17,13,9,1,30,49,2,14,
617,-1,1,1,0,-1
15,21,40,5,37,40,2,38,22,33,27,20,22,28,2,11,
618,-1,0,0,0,-1
34,10,1,19,36,38,39,28,4,43,2,40,21,41,3,16,
619,-1,0,0,0,-1
37,12,35,4,13,15,28,33,16,34,10,47,13,30,42,23,
620,-1,1,1,0,-1
32,37,11,48,11,32,33,43,5,3,38,22,8,4,1,11,
621,-1,0,0,0,-1
40,15,27,8,44,25,44,3,6,37,28,1,11,35,9,39,
622,14,1,1,0,-1
36,49,39,22,12,43,38,33,44,26,21,37,30,10,42,25,
623,-1,0,0,0,-1
8,7,17,39,29,6,12,43,43,50,41,39,3,23,23,5,
624,-1,0,0,0,-1
38,28,45,38,9,28,45,36,49,16,17,8,40,36,13,47,
625,-1,1,1,0,-1
12,17,8,5,46,41,6,18,3,20,41,6,2,43,15,45,
626,-1,0,0,0,-1
32,21,13,8,22,42,40,45,36,40,45,19,9,35,44,32,
627,-1,1,1,0,-1
33,31,31,6,31,43,24,16,37,30,29,44,46,33,8,40,
628,-1,0,0,0,-1
8,16,2,18,29,49,33,31,18,37,15,17,24,50,47,34,
629,-1,0,0,0,-1
28,39,27,14,3,35,32,19,8,10,24,49,15,44,29,24,
630,-1,1,1,0,-1
25,26,7,12,42,41,14,44,33,13,45,13,1,40,30,26,
631,-1,0,0,0,-1
26,15,3,41,6,18,9,29,6,47,24,18,21,41,27,19,
632,-1,0,0,0,-1
45,12,41,42,37,49,16,20,12,18,1,47,4,5,49,5,
633,-1,1,1,0,-1
32,30,5,16,16,20,16,33,17,19,12,47,8,27,23,5,
634,-1,0,0,0,-1
12,35,15,15,48,39,17,24,5,34,40,50,24,5,44,30,
635,-1,1,1,0,-1
12,26,22,23,14,39,24,45,16,36,32,36,33,50,2,28,
636,-1,0,0,0,-1
33,2,2,16,34,50,16,3,17,2,17,13,30,9,45,30,
637,-1,0,0,0,-1
26,19,10,3,44,50,50,9,39,49,45,38,35,39,37,2,
638,-1,1,1,0,-1
30,26,46,25,31,27,20,11,44,19,43,11,30,41,49,10,
639,-1,0,0,0,-1
11,50,45,29,3,45,3,40,42,30,35,47,21,25,18,8,
640,-1,0,0,0,-1
3,49,31,42,36,2,14,37,22,10,17,40,21,19,40,4,
641,-1,1,1,0,-1
22,15,19,27,31,9,11,1,30,25,19,17,12,38,14,38,
642,-1,0,0,0,-1
21,1,2,22,19,49,46,27,32,4,4,41,7,7,30,36,
643,15,1,1,0,-1
14,6,47,7,23,25,18,24,34,17,50,3,50,12,29,13,
644,-1,0,0,0,-1
30,12,6,14,48,50,40,3,40,32,43,13,26,33,46,18,
645,-1,0,0,0,-1
6,25,12,35,4,5,13,6,43,14,40,19,14,26,12,12,
646,-1,1,1,0,-1
37,35,31,16,13,44,35,48,2,50,37,28,14,39,39,19,
647,-1,0,0,0,-1
24,24,36,33,28,30,20,24,43,50,35,29,36,12,46,17,
648,-1,1,1,0,-1
18,21,44,22,42,44,18,16,8,24,10,6,47,25,34,39,
649,-1,0,0,0,-1
41,19,7,37,24,14,42,47,46,26,44,34,23,44,39,26,
650,-1,0,0,0,-1
15,5,17,39,2,14,2,23,44,39,31,41,13,8,15,47,
651,-1,1,1,0,-1
35,30,31,47,27,43,1,49,11,33,15,30,37,18,3,16,
652,-1,0,0,0,-1
30,1,2,38,25,49,36,13,36,34,13,50,3,35,44,8,
653,-1,0,0,0,-1
21,23,41,1,39,8,3,27,26,47,3,35,9,1,19,26,
654,-1,1,1,0,-1
32,39,37,41,33,37,25,31,16,16,48,4,24,6,12,5,
655,-1,0,0,0,-1
33,14,26,32,27,34,7,24,11,42,50,33,45,17,17,24,
656,-1,1,1,0,-1
29,30,36,20,33,6,20,27,27,49,1,29,28,25,48,44,
657,-1,0,0,0,-1
28,48,6,16,35,16,48,4,25,23,29,37,24,20,11,12,
658,-1,0,0,0,-1
22,49,26,31,23,49,47,9,28,40,26,16,19,50,29,25,
659,-1,1,1,0,-1
39,10,16,40,1,43,26,35,31,22,10,24,45,39,16,33,
660,-1,0,0,0,-1
39,49,31,39,14,37,41,36,24,34,48,21,10,30,9,33,
661,-1,1,1,0,-1
30,3,39,25,20,9,4,28,24,27,49,8,33,2,10,1,
662,-1,0,0,0,-1
35,27,37,36,1,6,35,32,19,41,37,2,12,36,6,22,
663,-1,0,0,0,-1
18,20,42,39,39,45,28,36,15,30,15,18,8,25,45,9,
664,16,1,1,0,-1
4,26,34,16,8,41,25,17,46,29,30,40,33,41,9,35,
665,-1,0,0,0,-1
41,7,43,9,29,27,20,20,8,31,3,14,20,22,4,41,
666,-1,0,0,0,-1
11,46,5,16,23,4,24,15,43,37,11,32,8,50,21,33,
667,-1,1,1,0,-1
48,16,7,40,35,37,12,33,3,2,48,4,1,25,21,49,
668,-1,0,0,0,-1
28,23,25,17,28,48,33,25,22,48,3,43,46,8,45,42,
669,-1,1,1,0,-1
25,14,48,42,8,30,40,5,5,33,11,17,1,29,29,49,
670,-1,0,0,0,-1
4,36,34,30,45,15,43,11,42,10,14,11,28,32,4,28,
671,-1,0,0,0,-1
38,6,29,4,23,16,5,25,49,18,9,16,36,31,5,32,
672,-1,1,1,0,-1
4,48,48,10,28,33,25,50,37,9,30,43,25,50,21,32,
673,-1,0,0,0,-1
25,4,35,44,33,47,23,50,29,34,24,14,4,40,20,43,
674,-1,0,0,0,-1
39,4,47,47,42,35,48,36,6,29,12,20,10,28,25,19,
675,-1,1,1,0,-1
47,47,23,15,9,27,25,30,12,43,16,9,49,11,22,24,
676,-1,0,0,0,-1
22,12,20,20,12,11,4,7,14,50,46,13,29,11,20,34,
677,17,1,1,0,-1
6,43,20,24,48,22,38,27,36,36,30,42,42,2,9,42,
678,-1,0,0,0,-1
19,28,25,18,19,5,18,6,2,4,30,32,7,9,8,28,
679,-1,0,0,0,-1
30,10,24,45,36,15,5,1,1,15,36,48,13,26,42,42,
680,-1,1,1,0,-1
16,24,10,22,39,34,17,40,13,29,20,41,12,13,17,15,
681,-1,0,0,0,-1
47,41,4,10,48,10,16,5,6,15,39,12,22,20,30,38,
682,-1,1,1,0,-1
45,44,38,36,20,10,48,37,3,29,47,24,15,41,12,44,
683,-1,0,0,0,-1
44,43,38,23,34,6,23,15,17,30,2,23,46,38,28,33,
684,-1,0,0,0,-1
28,20,14,14,29,38,13,20,15,38,5,47,16,5,38,48,
685,-1,1,1,0,-1
47,16,30,47,17,29,41,10,30,36,20,31,49,26,34,8,
686,-1,0,0,0,-1
9,49,23,16,32,43,25,2,24,41,33,17,32,43,3,9,
687,-1,0,0,0,-1
32,28,20,23,38,20,21,35,43,21,23,37,43,36,29,23,
688,-1,1,1,0,-1
48,3,17,44,6,31,44,33,3,10,38,15,30,26,49,44,
689,-1,0,0,0,-1
40,1,22,5,10,33,24,12,5,5,47,15,28,6,38,33,
690,-1,1,1,0,-1
4,46,27,12,3,34,16,46,18,49,21,38,16,43,26,25,
691,-1,0,0,0,-1
40,48,2,9,11,40,34,16,45,19,13,3,5,5,14,18,
692,-1,0,0,0,-1
7,38,40,6,18,5,9,42,11,33,20,30,21,23,48,46,
693,-1,1,1,0,-1
13,39,19,28,5,4,2,40,44,22,29,46,3,37,24,24,
694,-1,0,0,0,-1
39,21,19,25,29,50,17,39,36,28,2,32,43,3,16,18,
695,-1,1,1,0,-1
33,8,7,29,16,4,23,1,25,21,44,2,19,46,1,1,
696,-1,0,0,0,-1
43,36,47,13,35,15,29,27,44,43,28,5,7,50,38,26,
697,-1,0,0,0,-1
29,16,23,44,18,7,42,4,14,6,16,36,19,49,23,47,
698,18,1,1,0,-1
29,30,15,25,38,38,32,20,37,20,5,34,39,13,48,15,
699,-1,0,0,0,-1
2,26,22,42,41,43,23,3,4,1,25,28,31,47,24,45,
700,-1,0,0,0,-1
2,14,10,43,13,9,26,6,48,45,38,13,19,28,46,20,
701,-1,1,1,0,-1
27,43,3,22,10,40,3,20,29,28,15,42,4,9,42,14,
702,-1,0,0,0,-1
26,26,39,34,29,32,46,10,7,36,25,8,35,13,13,27,
703,-1,1,1,0,-1
13,23,33,48,22,47,36,37,25,41,19,8,29,6,41,39,
704,-1,0,0,0,-1
14,48,34,14,4,34,24,28,17,6,45,23,37,18,32,28,
705,-1,0,0,0,-1
29,29,12,8,28,1,30,19,47,2,35,16,15,33,3,26,
706,-1,1,1,0,-1
9,38,37,8,49,40,1,39,10,30,27,1,43,10,27,4,
707,-1,0,0,0,-1
26,15,38,29,2,16,7,43,16,16,34,14,30,46,35,35,
708,-1,0,0,0,-1
11,11,5,42,23,6,18,47,10,34,7,2,34,29,36,47,
709,-1,1,1,0,-1
28,44,19,24,2,9,21,25,35,4,24,39,40,11,22,28,
710,-1,0,0,0,-1
48,41,22,20,34,41,11,26,12,34,43,38,25,16,8,45,
711,19,1,1,0,-1
21,28,15,24,23,35,2,49,31,43,26,28,3,16,22,29,
712,-1,0,0,0,-1
29,47,41,46,6,12,26,11,23,40,30,3,20,37,43,49,
713,-1,0,0,0,-1
38,24,46,26,4,36,10,33,49,44,7,19,38,36,43,21,
714,-1,1,1,0,-1
25,19,27,8,42,33,32,38,48,26,40,28,13,19,10,1,
715,-1,0,0,0,-1
9,12,12,46,7,25,26,8,27,24,13,30,49,36,15,22,
716,-1,1,1,0,-1
33,31,48,1,49,26,11,9,6,4,11,38,16,45,5,8,
717,-1,0,0,0,-1
40,24,31,48,29,50,28,20,12,9,18,28,37,31,1,30,
718,-1,0,0,0,-1
29,15,9,36,37,1,23,15,49,7,11,42,29,49,22,37,
719,-1,1,1,0,-1
20,37,16,22,31,19,9,47,18,16,22,16,48,27,8,16,
720,-1,0,0,0,-1
4,34,32,33,27,19,20,3,18,25,45,15,46,14,50,18,
721,-1,0,0,0,-1
40,6,16,45,20,11,24,40,18,29,44,31,24,8,13,31,
722,-1,1,1,0,-1
10,27,4,39,15,10,6,34,10,48,13,23,5,31,47,43,
723,-1,0,0,0,-1
30,47,4,10,8,42,29,32,3,37,1,11,19,26,39,37,
724,-1,1,1,0,-1
36,10,28,34,3,13,24,25,30,4,42,8,21,5,16,10,
725,-1,0,0,0,-1
4,30,29,10,27,35,17,12,14,34,10,7,9,25,33,18,
726,-1,0,0,0,-1
5,46,18,44,24,1,12,11,20,29,47,4,31,35,7,10,
727,-1,1,1,0,-1
42,1,21,43,8,34,10,43,2,47,37,18,45,29,38,31,
728,-1,0,0,0,-1
38,29,2,8,49,2,34,8,32,4,28,41,32,31,30,17,
729,-1,0,0,0,-1
5,38,19,42,5,45,6,37,4,5,26,15,26,44,25,4,
730,-1,1,1,0,-1
37,21,5,11,17,11,9,22,29,24,33,9,40,40,18,41,
731,-1,0,0,0,-1
9,11,47,6,24,50,28,16,47,25,15,42,36,33,11,38,
732,20,1,1,0,-1
22,41,21,46,9,8,6,45,16,2,13,16,40,18,8,11,
733,-1,0,0,0,-1
5,36,44,3,16,37,38,3,27,41,42,45,21,44,34,39,
734,-1,0,0,0,-1
7,46,10,31,18,36,47,37,12,29,20,41,10,46,16,36,
735,-1,1,1,0,-1
47,46,4,14,8,1,32,16,30,36,39,8,4,15,48,2,
736,-1,0,0,0,-1
41,1,12,25,31,43,49,40,18,25,31,21,8,9,48,10,
737,-1,1,1,0,-1
1,19,29,38,38,35,22,37,33,46,31,23,11,47,1,30,
738,-1,0,0,0,-1
4,45,42,8,32,4,48,11,15,29,26,11,32,23,45,12,
739,-1,0,0,0,-1
40,41,4,46,34,5,32,5,47,41,46,22,23,8,45,9,
740,-1,1,1,0,-1
35,17,37,20,44,16,44,35,42,38,49,11,31,46,5,38,
741,-1,0,0,0,-1
47,2,39,38,14,19,48,3,20,39,48,11,14,37,27,19,
742,-1,0,0,0,-1
18,50,49,41,39,14,34,43,23,36,4,39,5,45,3,21,
743,-1,1,1,0,-1
5,23,48,10,3,36,36,4,35,34,32,35,7,50,6,20,
744,-1,0,0,0,-1
42,17,4,35,21,34,29,32,34,28,8,14,4,39,27,12,
745,-1,1,1,0,-1
35,7,47,26,44,7,15,32,27,48,35,16,18,25,40,13,
746,-1,0,0,0,-1
8,29,26,50,45,23,37,45,8,4,9,14,20,34,35,49,
747,-1,0,0,0,-1
5,41,9,40,37,28,25,31,36,10,12,6,15,6,9,9,
748,-1,1,1,0,-1
38,38,1,31,19,12,14,27,40,41,16,42,10,11,50,48,
749,-1,0,0,0,-1
33,40,2,30,37,1,34,42,11,16,37,11,28,16,14,13,
750,-1,1,1,0,-1
14,8,26,38,26,24,22,50,47,8,13,46,17,8,30,45,
751,-1,0,0,0,-1
44,37,45,7,22,8,4,24,37,42,32,21,13,3,47,8,
752,-1,0,0,0,-1
22,49,21,11,12,31,37,10,1,34,10,31,46,40,44,27,
753,21,1,1,0,-1
3,9,30,4,7,24,34,4,37,21,32,9,37,28,39,11,
754,-1,0,0,0,-1
6,24,35,20,35,6,14,7,33,48,43,34,3,23,40,46,
755,-1,0,0,0,-1
6,17,21,3,8,21,14,37,28,40,38,28,39,12,3,12,
756,-1,1,1,0,-1
16,10,39,27,22,8,7,30,44,44,47,35,28,20,43,21,
757,-1,0,0,0,-1
44,46,9,32,29,14,49,24,7,46,39,8,15,16,32,4,
758,-1,1,1,0,-1
50,9,39,32,12,4,3,33,28,3,2,47,14,31,37,46,
759,-1,0,0,0,-1
28,23,34,4,7,19,44,15,34,33,45,50,46,49,36,24,
760,-1,0,0,0,-1
38,19,20,45,35,6,4,37,16,42,24,46,33,1,6,19,
761,-1,1,1,0,-1
28,32,1,34,48,2,6,17,46,8,49,10,31,47,27,13,
762,-1,0,0,0,-1
25,1,32,46,40,23,30,34,37,27,7,18,48,16,49,18,
763,-1,0,0,0,-1
37,24,17,26,19,1,8,46,27,39,44,9,16,28,32,9,
764,-1,1,1,0,-1
49,50,1,16,13,25,27,29,12,34,2,8,13,45,8,7,
765,-1,0,0,0,-1
17,33,34,7,39,48,46,25,18,28,41,40,47,24,8,10,
766,22,1,1,0,-1
35,8,44,43,15,22,22,31,49,28,9,36,45,45,50,1,
767,-1,0,0,0,-1
14,33,33,31,30,11,13,50,46,36,10,33,46,42,34,36,
768,-1,0,0,0,-1
48,35,50,37,35,33,7,21,42,2,38,47,21,31,17,38,
769,-1,1,1,0,-1
20,23,43,29,21,40,30,32,43,2,41,19,24,34,25,45,
770,-1,0,0,0,-1
41,25,2,50,8,27,14,40,26,12,27,9,37,21,34,46,
771,-1,1,1,0,-1
15,45,25,40,17,29,2,38,12,40,42,26,24,37,46,12,
772,-1,0,0,0,-1
17,33,31,4,42,35,42,18,33,27,49,31,39,19,18,32,
773,-1,0,0,0,-1
13,19,30,38,43,49,46,28,48,10,40,27,18,32,34,25,
774,-1,1,1,0,-1
1,28,10,31,40,17,30,29,28,38,40,45,36,36,45,4,
775,-1,0,0,0,-1
30,46,49,36,20,47,30,45,32,1,30,9,46,20,26,27,
776,-1,0,0,0,-1
27,24,34,18,20,45,19,11,27,35,48,12,21,22,3,46,
777,-1,1,1,0,-1
27,30,18,6,36,20,39,28,24,17,5,19,45,41,20,45,
778,-1,0,0,0,-1
2,34,38,26,46,21,14,5,15,3,40,24,25,44,11,12,
779,-1,1,1,0,-1
17,39,1,22,32,33,15,8,48,2,3,18,49,35,6,13,
780,-1,0,0,0,-1
6,44,14,33,22,34,28,43,6,46,32,25,24,37,31,49,
781,-1,0,0,0,-1
18,44,13,46,24,33,46,44,37,2,42,10,5,33,6,38,
782,-1,1,1,0,-1
50,13,25,42,37,33,20,25,1,17,37,4,23,23,17,50,
783,-1,0,0,0,-1
26,26,18,42,8,37,45,35,21,6,40,48,23,1,44,30,
784,-1,1,1,0,-1
12,12,8,10,47,49,20,25,14,7,24,37,35,2,15,29,
785,-1,0,0,0,-1
46,30,25,29,45,20,10,22,4,1,35,30,27,23,31,23,
786,-1,0,0,0,-1
38,20,10,39,17,18,39,44,39,27,6,20,28,49,34,21,
787,23,1,1,0,-1
22,13,33,23,31,22,45,3,4,38,39,43,1,40,6,27,
788,-1,0,0,0,-1
46,42,9,40,32,5,43,39,25,4,44,16,10,36,8,14,
789,-1,0,0,0,-1
21,8,8,29,5,27,22,9,7,40,15,21,13,22,1,12,
790,-1,1,1,0,-1
9,30,16,32,29,35,44,12,33,32,32,38,44,39,47,37,
791,-1,0,0,0,-1
17,34,4,20,15,34,44,39,9,25,36,29,39,8,10,4,
792,-1,1,1,0,-1
8,5,8,2,25,22,19,31,3,49,39,16,22,45,8,12,
793,-1,0,0,0,-1
23,19,25,26,50,41,14,47,5,25,41,23,18,3,13,34,
794,-1,0,0,0,-1
29,21,41,16,9,5,4,42,10,17,18,44,27,24,38,32,
795,-1,1,1,0,-1
26,1,12,40,48,16,37,42,26,11,13,25,49,3,8,2,
796,-1,0,0,0,-1
28,15,13,29,40,29,46,32,16,32,20,44,37,3,7,35,
797,-1,0,0,0,-1
7,2,43,22,15,13,40,14,12,19,39,45,21,37,9,19,
798,-1,1,1,0,-1
43,4,32,30,43,32,30,13,42,20,47,29,21,46,44,15,
799,-1,0,0,0,-1
43,14,35,22,13,21,1,9,46,40,6,1,31,46,50,44,
800,-1,1,1,0,-1
30,50,37,26,26,33,18,14,32,16,16,20,43,16,41,8,
801,-1,0,0,0,-1
35,7,46,32,43,46,2,5,17,7,44,6,8,9,26,12,
802,-1,0,0,0,-1
2,30,35,18,4,31,21,18,47,38,10,31,45,46,25,47,
803,-1,1,1,0,-1
10,50,33,15,17,4,13,1,13,46,2,32,39,40,5,19,
804,-1,0,0,0,-1
34,17,33,22,50,20,38,38,13,32,11,13,9,29,46,18,
805,-1,1,1,0,-1
20,13,50,40,42,15,47,15,12,31,17,20,27,26,44,34,
806,-1,0,0,0,-1
22,4,3,13,38,21,31,31,46,24,10,8,21,48,47,46,
807,-1,0,0,0,-1
15,33,41,35,49,14,16,21,49,46,40,33,19,44,46,31,
808,24,1,1,0,-1
11,1,38,19,47,46,26,30,23,39,21,15,31,4,48,22,
809,-1,0,0,0,-1
16,21,23,22,40,24,38,47,7,44,15,36,41,13,5,28,
810,-1,0,0,0,-1
44,47,42,17,12,23,26,17,2,25,24,14,49,18,39,41,
811,-1,1,1,0,-1
20,44,22,36,19,26,42,39,41,13,42,13,8,15,28,50,
812,-1,0,0,0,-1
47,24,48,32,5,29,7,9,14,18,45,49,38,47,8,34,
813,-1,1,1,0,-1
29,43,45,7,6,10,50,19,3,26,10,33,39,38,2,46,
814,-1,0,0,0,-1
3,17,7,39,12,37,29,21,21,45,29,27,14,37,31,38,
815,-1,0,0,0,-1
41,29,27,17,41,12,11,47,29,38,17,19,23,26,33,47,
816,-1,1,1,0,-1
9,40,44,33,40,44,11,10,15,7,15,32,31,38,10,12,
817,-1,0,0,0,-1
8,35,8,7,35,16,33,41,25,42,47,12,34,44,38,12,
818,-1,0,0,0,-1
25,8,30,11,10,10,6,28,30,31,42,5,15,8,9,20,
819,-1,1,1,0,-1
20,45,46,13,50,38,40,30,1,11,11,26,38,34,47,19,
820,-1,0,0,0,-1
4,41,16,14,19,37,16,39,11,23,46,37,43,44,16,10,
821,25,1,1,0,-1
1,43,49,40,49,12,40,26,33,29,28,28,5,29,49,47,
822,-1,0,0,0,-1
25,31,46,23,36,46,10,13,18,6,1,11,34,1,44,37,
823,-1,0,0,0,-1
19,1,12,8,4,47,40,25,23,29,5,42,19,8,9,34,
824,-1,1,1,0,-1
33,23,26,26,17,20,21,35,39,35,3,7,10,1,18,35,
825,-1,0,0,0,-1
15,13,39,22,42,12,1,3,4,41,7,14,23,9,40,14,
826,-1,1,1,0,-1
24,48,49,25,45,13,46,29,24,20,34,36,42,1,24,34,
827,-1,0,0,0,-1
29,42,29,5,40,11,40,15,31,25,32,44,11,6,12,46,
828,-1,0,0,0,-1
29,45,28,11,16,19,16,17,35,42,49,12,33,24,50,25,
829,-1,1,1,0,-1
45,12,12,13,27,32,42,29,29,24,50,24,25,44,2,49,
830,-1,0,0,0,-1
13,16,50,28,33,2,40,18,21,10,16,33,25,20,32,19,
831,-1,0,0,0,-1
23,26,7,25,10,43,38,21,24,15,26,1,31,39,14,7,
832,-1,1,1,0,-1
42,4,40,20,41,26,23,40,14,39,1,48,43,5,39,32,
833,-1,0,0,0,-1
27,8,48,8,46,39,13,50,2,20,24,24,26,5,49,17,
834,-1,1,1,0,-1
33,41,40,46,23,32,50,34,42,44,36,15,3,28,39,36,
835,-1,0,0,0,-1
47,24,23,19,41,3,46,31,27,47,21,12,3,48,9,29,
836,-1,0,0,0,-1
31,18,10,9,29,26,43,14,16,21,34,13,23,1,19,41,
837,-1,1,1,0,-1
24,1,24,4,33,22,23,20,24,42,24,9,47,28,37,19,
838,-1,0,0,0,-1
39,9,43,32,21,47,47,10,37,46,20,19,26,26,15,14,
839,-1,1,1,0,-1
20,43,9,16,26,36,13,34,43,12,7,49,4,47,1,3,
840,-1,0,0,0,-1
5,22,13,3,21,34,10,27,33,29,44,22,2,2,50,16,
841,-1,0,0,0,-1
2,38,23,34,11,33,43,20,46,27,12,8,26,4,43,28,
842,26,1,1,0,-1
1,44,19,48,5,2,27,15,43,26,34,7,26,40,18,42,
843,-1,0,0,0,-1
4,37,48,34,14,19,25,32,14,17,9,45,29,33,38,2,
844,-1,0,0,0,-1
2,11,45,11,17,9,30,7,3,26,50,32,43,3,3,2,
845,-1,1,1,0,-1
35,25,3,18,30,21,2,15,50,31,49,48,35,22,45,49,
846,-1,0,0,0,-1
28,9,15,17,12,46,36,38,10,10,47,48,23,40,9,37,
847,-1,1,1,0,-1
12,31,38,25,11,42,47,38,26,41,27,32,30,27,37,22,
848,-1,0,0,0,-1
25,26,30,23,29,30,2,10,37,18,26,18,16,2,9,47,
849,-1,0,0,0,-1
4,27,24,41,27,13,5,40,19,17,29,34,23,38,10,50,
850,-1,1,1,0,-1
37,48,45,18,28,16,23,21,12,31,21,8,30,5,33,30,
851,-1,0,0,0,-1
37,49,16,44,12,27,42,48,45,35,45,43,2,50,25,21,
852,-1,0,0,0,-1
18,23,44,6,3,35,15,16,34,7,4,11,46,23,31,46,
853,-1,1,1,0,-1
41,36,38,49,28,48,7,12,15,48,33,38,46,29,18,32,
854,-1,0,0,0,-1
7,39,22,6,46,31,48,26,19,23,12,10,30,18,11,20,
855,27,1,1,0,-1
33,7,47,7,44,39,28,47,37,43,12,21,17,1,38,39,
856,-1,0,0,0,-1
5,41,4,40,48,13,10,47,28,38,17,30,24,40,37,9,
857,-1,0,0,0,-1
5,16,22,12,19,28,13,4,48,5,16,44,49,19,29,4,
858,-1,1,1,0,-1
39,35,18,33,28,47,48,29,11,28,17,47,20,24,36,42,
859,-1,0,0,0,-1
13,30,6,28,17,19,13,27,1,30,45,28,38,42,48,30,
860,-1,1,1,0,-1
3,13,14,20,5,32,27,2,20,26,40,26,45,32,28,18,
861,-1,0,0,0,-1
34,34,9,24,29,41,33,50,8,18,44,15,15,42,3,43,
862,-1,0,0,0,-1
27,6,22,9,8,4,9,1,46,36,41,24,24,16,29,31,
863,-1,1,1,0,-1
49,21,43,21,25,2,7,36,21,32,9,11,29,46,14,28,
864,-1,0,0,0,-1
40,33,48,4,13,7,46,35,6,35,46,10,50,1,4,29,
865,-1,0,0,0,-1
14,13,26,15,24,43,45,5,39,29,9,15,21,21,39,41,
866,-1,1,1,0,-1
34,4,10,9,24,18,38,6,11,28,6,8,2,14,32,41,
867,-1,0,0,0,-1
14,44,16,17,43,29,15,37,15,10,27,35,1,4,46,42,
868,-1,1,1,0,-1
7,13,18,19,45,41,50,8,32,15,1,15,27,33,1,37,
869,-1,0,0,0,-1
32,46,28,50,29,31,11,1,33,39,8,23,39,37,48,1,
870,-1,0,0,0,-1
27,2,12,6,45,45,1,22,17,40,37,33,46,46,47,42,
871,-1,1,1,0,-1
33,47,47,31,15,43,12,16,26,37,15,40,1,21,5,25,
872,-1,0,0,0,-1
24,4,25,27,30,3,50,1,30,33,34,18,20,12,10,30,
873,-1,0,0,0,-1
9,36,9,35,46,44,49,46,10,34,10,35,4,17,48,41,
874,-1,1,1,0,-1
15,35,9,17,8,41,10,22,44,10,14,50,41,43,30,21,
875,-1,0,0,0,-1
38,6,17,16,18,15,25,30,36,47,44,2,9,29,46,6,
876,28,1,1,0,-1
23,36,8,26,9,13,12,36,23,42,27,24,46,25,31,43,
877,-1,0,0,0,-1
27,37,39,42,46,50,44,14,34,20,46,22,41,17,41,46,
878,-1,0,0,0,-1
47,4,44,41,15,40,44,34,5,27,31,16,41,37,15,14,
879,-1,1,1,0,-1
45,22,28,37,35,6,19,32,11,33,17,29,22,17,30,6,
880,-1,0,0,0,-1
19,14,38,47,42,8,30,30,27,23,15,14,28,9,3,6,
881,-1,1,1,0,-1
4,9,42,14,33,16,9,31,48,30,47,32,44,45,6,3,
882,-1,0,0,0,-1
21,19,16,40,39,24,11,48,10,23,28,18,24,27,43,49,
883,-1,0,0,0,-1
36,2,15,9,5,36,44,33,9,13,50,1,25,15,34,1,
884,-1,1,1,0,-1
36,32,42,22,43,15,40,45,26,45,7,29,20,16,30,9,
885,-1,0,0,0,-1
35,42,32,31,45,40,1,21,8,44,8,42,25,29,37,22,
886,-1,0,0,0,-1
1,49,16,16,48,3,6,13,25,6,33,48,25,30,8,19,
887,-1,1,1,0,-1
16,37,34,33,18,48,33,38,39,34,27,7,18,45,6,38,
888,-1,0,0,0,-1
38,33,49,40,23,11,30,26,33,39,37,42,14,36,49,16,
889,-1,1,1,0,-1
24,44,4,2,18,36,8,48,27,30,9,3,45,39,26,24,
890,-1,0,0,0,-1
35,7,12,10,27,42,22,5,29,17,26,48,20,9,43,1,
891,-1,0,0,0,-1
31,10,5,50,40,17,44,30,11,7,19,45,29,47,48,50,
892,-1,1,1,0,-1
8,34,47,12,40,29,16,41,21,30,32,16,7,49,30,41,
893,-1,0,0,0,-1
23,12,31,21,37,45,4,33,39,28,34,49,32,40,44,12,
894,-1,1,1,0,-1
34,12,25,42,35,35,32,49,47,39,14,24,46,3,37,9,
895,-1,0,0,0,-1
45,12,3,1,20,42,12,49,26,14,26,10,31,20,20,8,
896,-1,0,0,0,-1
22,12,21,21,32,48,5,27,1,40,38,25,48,38,39,28,
897,29,1,1,0,-1
5,50,50,26,19,19,35,13,29,5,1,6,30,3,32,33,
898,-1,0,0,0,-1
24,24,29,18,15,10,30,48,2,12,2,26,34,12,4,31,
899,-1,0,0,0,-1
19,19,13,45,44,18,5,1,42,47,11,35,37,8,14,39,
900,-1,1,1,0,-1
36,26,34,22,41,26,18,44,50,38,27,40,46,4,1,39,
901,-1,0,0,0,-1
15,34,50,27,8,18,43,20,41,45,9,32,24,48,31,16,
902,-1,1,1,0,-1
43,14,11,48,48,19,16,3,38,8,39,37,21,1,7,7,
903,-1,0,0,0,-1
46,8,39,4,26,4,22,4,22,49,1,21,20,26,21,37,
904,-1,0,0,0,-1
29,7,28,13,39,12,43,29,24,49,27,27,2,39,37,39,
905,-1,1,1,0,-1
5,9,37,37,25,32,37,35,34,49,3,2,43,47,35,17,
906,-1,0,0,0,-1
44,15,5,21,42,47,38,46,15,22,17,13,35,3,15,18,
907,-1,0,0,0,-1
4,41,17,45,32,17,28,24,17,30,23,22,23,44,23,35,
908,-1,1,1,0,-1
45,19,45,31,24,25,28,1,41,36,18,19,21,25,43,39,
909,-1,0,0,0,-1
48,25,14,39,47,36,16,42,6,25,8,48,4,10,6,37,
910,30,1,1,0,-1
7,36,43,46,21,46,46,38,3,7,49,23,5,11,38,16,
911,-1,0,0,0,-1
11,47,19,25,24,48,27,10,10,48,29,17,4,32,14,20,
912,-1,0,0,0,-1
3,17,5,22,29,12,10,28,34,23,49,15,19,10,14,31,
913,-1,1,1,0,-1
13,11,28,12,36,6,30,4,34,8,4,29,33,40,25,26,
914,-1,0,0,0,-1
2,7,35,6,42,3,7,25,9,40,17,40,3,41,37,40,
915,-1,1,1,0,-1
4,41,12,25,42,41,15,33,32,26,21,23,29,13,20,14,
916,-1,0,0,0,-1
23,47,30,50,14,33,34,32,43,40,3,18,21,20,4,38,
917,-1,0,0,0,-1
23,34,27,35,25,13,4,17,49,22,40,47,5,31,29,2,
918,-1,1,1,0,-1
12,14,21,10,36,1,14,34,26,20,45,16,8,26,43,34,
919,-1,0,0,0,-1
22,8,31,27,10,21,6,43,20,49,27,50,15,13,33,24,
920,-1,0,0,0,-1
2,29,46,17,13,1,28,15,20,12,43,49,40,36,34,8,
921,-1,1,1,0,-1
26,44,48,27,26,25,30,46,8,40,19,2,18,17,24,47,
922,-1,0,0,0,-1
33,30,21,9,16,6,14,31,18,8,29,21,25,21,13,14,
923,-1,1,1,0,-1
36,3,9,11,49,19,42,35,1,29,33,31,38,49,30,23,
924,-1,0,0,0,-1
25,46,2,34,22,27,29,22,49,38,28,38,34,39,32,41,
925,-1,0,0,0,-1
13,29,13,13,24,34,40,8,32,29,13,10,32,39,16,45,
926,-1,1,1,0,-1
16,12,15,31,34,49,23,23,37,35,1,37,35,49,16,29,
927,-1,0,0,0,-1
19,45,33,44,4,40,47,47,15,30,10,9,12,46,19,50,
928,-1,1,1,0,-1
16,43,27,31,34,33,44,45,7,27,47,3,3,34,44,28,
929,-1,0,0,0,-1
39,4,39,10,36,1,6,32,33,38,21,41,37,12,3,33,
930,-1,0,0,0,-1
29,35,2,23,4,33,30,40,30,42,49,12,34,1,32,2,
931,31,1,1,0,-1
26,4,33,27,27,29,7,45,4,46,47,12,20,36,40,34,
932,-1,0,0,0,-1
36,40,16,8,25,19,31,44,50,19,18,23,50,9,16,4,
933,-1,0,0,0,-1
22,6,32,23,2,34,3,43,19,4,39,22,27,46,11,47,
934,-1,1,1,0,-1
28,39,13,7,17,36,20,26,9,25,30,18,34,41,21,29,
935,-1,0,0,0,-1
45,4,28,34,3,11,17,45,33,49,44,41,44,3,34,6,
936,-1,1,1,0,-1
21,17,1,49,33,25,19,3,17,12,40,1,21,49,48,35,
937,-1,0,0,0,-1
1,34,49,32,33,23,21,34,44,44,8,37,31,44,11,23,
938,-1,0,0,0,-1
8,12,16,33,44,39,8,3,6,42,45,18,38,43,26,32,
939,-1,1,1,0,-1
36,45,21,50,13,11,2,24,34,23,17,45,38,32,26,49,
940,-1,0,0,0,-1
19,12,30,28,11,24,47,8,41,6,46,25,48,34,4,6,
941,-1,0,0,0,-1
45,41,3,18,21,41,35,3,50,50,38,50,15,17,26,10,
942,-1,1,1,0,-1
40,41,38,6,24,28,45,1,22,14,49,30,14,31,43,3,
943,-1,0,0,0,-1
35,43,48,33,33,24,39,40,37,38,18,32,46,44,50,34,
944,-1,1,1,0,-1
32,13,6,6,18,23,8,29,13,2,2,10,15,41,36,25,
945,-1,0,0,0,-1
26,34,6,18,7,45,35,15,15,36,23,23,9,25,16,28,
946,-1,0,0,0,-1
29,2,20,10,10,46,44,10,3,34,14,50,46,39,35,2,
947,-1,1,1,0,-1
32,46,29,4,6,32,28,15,3,10,20,28,24,28,30,25,
948,-1,0,0,0,-1
1,17,12,38,49,28,17,28,28,16,14,6,35,22,22,38,
949,-1,1,1,0,-1
30,24,3,15,15,35,46,49,3,16,29,45,2,49,27,2,
950,-1,0,0,0,-1
40,4,44,44,49,29,2,5,38,41,45,43,18,17,23,8,
951,-1,0,0,0,-1
42,48,19,18,38,47,48,44,25,47,34,37,5,21,45,8,
952,-1,1,1,0,-1
36,5,6,47,23,41,20,43,1,47,28,33,24,15,14,9,
953,-1,0,0,0,-1
15,7,18,14,16,29,42,7,19,46,25,12,50,1,9,45,
954,-1,0,0,0,-1
47,35,20,45,39,44,19,32,40,26,21,15,46,32,14,8,
955,-1,1,1,0,-1
17,24,3,33,44,25,24,23,31,27,17,24,35,27,43,28,
956,-1,0,0,0,-1
18,38,9,41,25,19,35,10,17,25,12,44,33,30,28,16,
957,-1,0,0,0,-1
41,30,17,9,23,36,9,40,17,50,43,22,29,33,31,42,
958,-1,0,0,0,-1
36,11,16,19,44,39,25,46,33,40,42,41,24,11,45,47,
959,-1,0,0,0,-1
47,36,43,24,44,38,40,6,24,50,25,48,37,24,22,33,
960,-1,0,0,0,-1
40,6,41,37,16,46,36,44,39,50,11,23,8,2,16,40,
961,-1,0,0,0,-1
43,11,43,37,37,50,47,21,8,7,23,29,47,11,37,33,
962,-1,0,0,0,-1
24,43,37,49,34,5,1,3,43,9,45,5,22,24,28,48,
963,-1,0,0,0,-1
41,2,37,40,33,3,27,34,41,30,42,9,40,7,8,47,
964,-1,0,0,0,-1
30,9,4,46,27,1,37,45,11,43,20,6,47,41,23,31,
965,-1,0,0,0,-1
14,5,30,37,49,3,17,17,17,26,4,9,19,16,38,32,
966,-1,0,0,0,-1
48,12,15,22,26,36,36,17,27,14,15,43,49,29,38,38,
967,-1,0,0,0,-1
6,18,23,26,39,7,23,6,11,41,42,38,7,47,29,41,
968,-1,0,0,0,-1
31,34,5,22,31,4,20,18,3,11,4,16,11,37,27,46,
969,-1,0,0,0,-1
44,41,5,17,6,42,12,14,47,50,7,47,38,30,17,44,
970,-1,0,0,0,-1
22,29,3,42,21,23,16,4,48,6,7,18,25,40,30,30,
971,-1,0,0,0,-1
47,1,6,25,1,45,37,26,6,38,5,37,15,23,7,13,
972,-1,0,0,0,-1
38,46,37,34,36,35,35,17,10,19,6,5,2,19,27,24,
973,-1,0,0,0,-1
36,5,36,21,49,43,36,10,22,35,37,42,16,32,46,25,
974,-1,0,0,0,-1
28,8,28,5,11,16,24,25,5,13,13,48,39,49,48,47,
975,-1,0,0,0,-1
24,25,9,19,22,1,30,11,23,24,13,45,12,20,23,18,
976,-1,0,0,0,-1
46,23,45,6,10,7,11,32,26,31,3,12,6,43,11,29,
977,-1,0,0,0,-1
15,44,24,35,11,14,32,35,5,35,35,32,7,33,25,35,
978,-1,0,0,0,-1
13,26,7,47,19,19,11,47,1,36,2,45,20,11,20,18,
979,-1,0,0,0,-1
50,1,20,35,6,19,45,42,38,22,42,5,23,45,9,13,
980,-1,0,0,0,-1
15,11,42,17,43,37,20,47,24,35,45,46,23,35,50,41,
981,-1,0,0,0,-1
29,16,33,23,47,35,1,50,12,38,22,22,36,35,2,1,
982,-1,0,0,0,-1
23,5,33,25,20,14,43,24,38,16,21,21,5,49,13,4,
983,-1,0,0,0,-1
17,4,40,49,34,2,33,12,22,4,21,49,3,45,11,41,
984,-1,0,0,0,-1
37,5,37,23,5,6,7,18,23,36,37,32,37,3,48,32,
985,-1,0,0,0,-1
20,2,23,29,50,17,6,19,34,29,38,12,41,29,19,15,
986,-1,0,0,0,-1
48,5,4,31,7,37,35,43,3,7,39,7,25,25,15,49,
987,-1,0,0,0,-1
28,45,10,22,36,45,48,38,7,22,37,34,42,36,33,16,
988,-1,0,0,0,-1
29,42,10,43,37,28,7,29,27,4,35,29,22,43,30,26,
989,-1,0,0,0,-1
41,32,6,41,31,50,19,3,12,3,49,16,26,26,30,36,
990,-1,0,0,0,-1
35,39,21,22,11,7,33,43,2,16,30,25,14,29,34,21,
991,-1,0,0,0,-1
1,10,31,38,7,6,10,27,32,29,26,39,43,48,49,40,
992,-1,0,0,0,-1
16,11,50,21,27,28,2,40,19,28,8,27,42,4,2,45,
993,-1,0,0,0,-1
41,26,37,3,16,12,3,39,49,29,3,12,48,5,17,5,
994,-1,0,0,0,-1
34,26,49,44,17,11,23,6,24,6,15,47,41,5,47,27,
995,-1,0,0,0,-1
32,36,13,3,1,45,36,29,29,20,29,23,24,38,4,21,
996,-1,0,0,0,-1
1,29,45,17,25,43,25,3,2,39,18,2,44,25,33,13,
997,-1,0,0,0,-1
50,38,28,22,6,1,18,41,50,28,25,16,12,5,6,8,
998,-1,0,0,0,-1
8,31,24,49,38,32,47,42,6,6,40,50,36,26,25,47,
999,-1,0,0,0,-1
6,44,8,3,2,42,45,20,45,47,10,29,22,5,11,14,
1000,-1,0,0,0,-1
6,24,39,2,29,18,3,3,40,5,18,33,44,13,33,2,
1001,-1,0,0,0,-1
6,38,25,42,27,30,43,32,15,7,47,24,28,4,41,32,
1002,-1,0,0,0,-1
34,32,50,30,29,43,41,4,8,15,38,2,17,26,9,26,
1003,-1,0,0,0,-1
5,42,3,22,50,24,26,34,9,40,24,6,29,9,33,32,
1004,-1,0,0,0,-1
37,7,43,40,30,20,14,44,16,49,47,35,17,30,15,3,
1005,-1,0,0,0,-1
36,27,11,12,20,35,6,50,49,20,7,44,28,35,45,49,
1006,-1,0,0,0,-1
39,20,49,41,22,6,24,13,29,41,37,35,27,40,11,28,
1007,-1,0,0,0,-1
19,12,48,37,19,24,24,21,39,20,38,36,41,23,26,2,
1008,-1,0,0,0,-1
33,32,38,21,13,15,45,1,9,42,19,13,22,34,24,38,
1009,-1,0,0,0,-1
6,32,26,7,17,21,15,40,49,25,10,11,50,31,36,23,
1010,-1,0,0,0,-1
22,21,36,14,12,49,9,48,17,10,31,20,2,50,26,1,
1011,-1,0,0,0,-1
5,19,34,11,23,7,50,46,49,35,31,39,33,17,19,32,
1012,-1,0,0,0,-1
16,8,11,50,26,4,39,50,26,28,34,46,23,43,45,38,
1013,-1,0,0,0,-1
47,6,28,22,31,44,40,33,37,30,29,19,26,20,26,10,
1014,-1,0,0,0,-1
17,24,22,10,30,49,5,22,16,14,12,47,10,24,13,9,
1015,-1,0,0,0,-1
13,33,45,9,25,16,27,4,47,21,34,40,50,41,12,30,
1016,-1,0,0,0,-1
50,10,15,46,32,18,1,10,4,47,9,6,7,21,30,29,
1017,-1,0,0,0,-1
9,50,37,43,34,22,30,18,34,4,16,31,11,7,21,15,
1018,-1,0,0,0,-1
34,29,25,23,19,23,44,5,34,20,35,45,7,25,46,10,
1019,-1,0,0,0,-1
32,9,13,22,29,50,13,7,42,24,34,11,50,28,28,45,
1020,-1,0,0,0,-1
15,2,18,6,9,21,11,39,27,5,39,36,14,28,15,44,
1021,-1,0,0,0,-1
50,15,10,41,2,15,37,30,7,26,29,25,7,8,4,1,
1022,-1,0,0,0,-1
13,1,30,14,45,49,34,37,25,7,1,43,16,50,14,41,
1023,-1,0,0,0,-1
10,39,17,39,1,1,3,13,8,44,5,2,42,43,37,27,
0,0,0,0,0,0
21,44,39,14,44,34,28,42,18,49,31,34,22,39,28,30,
0,0,0,0,0,0
11,40,38,36,35,28,28,36,17,18,41,49,50,9,50,36,
0,0,0,0,0,0
35,31,32,28,41,29,15,24,29,4,41,39,50,15,13,40,
0,0,0,0,0,0
17,26,42,26,10,22,21,43,12,2,50,27,41,32,1,3,
0,0,0,0,0,0
19,33,44,33,5,49,16,28,27,14,36,13,47,31,11,39,
0,0,0,0,0,0
13,41,35,22,29,45,32,36,37,10,32,30,41,28,34,43,
0,0,0,0,0,0
7,36,35,4,35,16,9,4,36,17,29,22,11,6,45,31,
0,0,0,0,0,0
20,31,46,16,28,5,32,39,5,50,49,21,23,48,37,41,
0,0,0,0,0,0
50,46,9,49,24,24,42,16,50,46,3,45,14,7,16,26,
0,0,0,0,0,0
44,30,9,39,11,17,17,40,4,32,40,13,25,23,41,48,
0,0,0,0,0,0
1,42,6,35,44,22,7,13,45,47,39,40,21,14,36,8,
0,0,0,0,0,0
18,25,8,3,20,34,40,9,10,4,8,3,2,5,39,30,
0,0,0,0,0,0
24,3,47,29,50,10,17,15,25,50,29,45,13,35,32,40,
0,0,0,0,0,0
11,17,47,37,36,21,25,42,28,27,39,26,12,4,3,48,
0,0,0,0,0,0
13,20,19,28,3,33,39,29,6,16,13,36,2,42,21,28,
0,0,0,0,0,0
7,14,39,34,4,2,11,37,50,44,49,16,8,13,31,31,
0,0,0,0,0,0
26,5,21,15,21,36,15,19,5,36,44,15,35,36,1,15,
0,0,0,0,0,0
44,13,26,31,31,29,21,1,1,8,38,50,8,3,31,13,
0,0,0,0,0,0
5,9,42,26,34,13,22,27,27,16,2,16,41,18,20,28,
0,0,0,0,0,0
25,6,28,36,19,27,32,43,47,20,12,27,29,28,3,19,
0,0,0,0,0,0
4,49,6,32,36,16,9,9,36,8,44,29,20,6,29,11,
0,0,0,0,0,0
25,2,34,23,37,1,19,35,40,50,14,41,37,37,17,24,
0,0,0,0,0,0
42,30,19,1,36,48,29,21,21,11,34,25,15,25,21,32,
0,0,0,0,0,0
25,42,15,43,49,31,30,12,32,42,14,3,37,28,39,28,
0,0,0,0,0,0
41,20,28,23,17,2,14,15,1,27,49,45,40,31,11,29,
0,0,0,0,0,0
19,50,19,39,31,38,10,42,25,28,8,14,6,15,15,37,
0,0,0,0,0,0
33,31,35,32,34,8,47,27,28,9,43,22,13,50,25,7,
0,0,0,0,0,0
7,47,42,29,9,37,18,6,4,13,44,5,32,34,16,4,
0,0,0,0,0,0
18,37,8,32,19,39,20,6,47,38,9,28,36,2,34,25,
0,0,0,0,0,0
37,25,44,24,43,49,27,2,15,20,39,44,39,19,33,20,
0,0,0,0,0,0
35,17,36,29,16,30,49,29,38,32,36,28,20,20,32,7,
0,0,0,0,0,0
30,1,44,7,44,5,32,49,12,6,32,12,37,23,20,9,
0,0,0,0,0,0
5,1,41,35,43,50,49,49,26,35,4,27,28,47,7,7,
0,0,0,0,0,0
33,38,20,22,8,9,22,47,43,25,27,13,25,47,36,10,
0,0,0,0,0,0
50,4,10,29,21,21,29,23,14,28,14,2,6,14,34,30,
0,0,0,0,0,0
20,20,31,46,9,14,5,48,37,26,7,2,13,16,10,15,
0,0,0,0,0,0
48,40,23,16,27,29,3,34,21,40,25,39,31,15,16,46,
0,0,0,0,0,0
44,46,20,23,4,25,42,13,35,15,27,49,2,1,40,10,
0,0,0,0,0,0
9,1,7,18,27,40,34,16,44,17,31,8,22,24,42,45,
0,0,0,0,0,0
34,24,35,47,24,45,5,21,2,41,8,21,34,33,42,23,
0,0,0,0,0,0
13,5,13,25,39,29,20,24,8,1,31,23,19,33,47,21,
0,0,0,0,0,0
42,33,44,15,25,21,15,14,39,47,23,38,32,1,26,11,
0,0,0,0,0,0
26,21,33,34,1,33,16,37,27,6,49,45,12,39,46,23,
0,0,0,0,0,0
50,46,10,8,11,48,49,12,39,34,26,12,41,2,42,42,
0,0,0,0,0,0
28,6,33,35,17,37,10,14,43,30,36,17,6,49,49,20,
0,0,0,0,0,0
32,27,42,20,36,40,8,12,27,19,48,43,45,25,34,31,
0,0,0,0,0,0
34,48,21,24,38,26,40,34,33,34,4,42,36,44,41,38,
0,0,0,0,0,0
34,15,34,50,41,19,16,41,36,23,3,48,11,3,50,20,
0,0,0,0,0,0
18,6,34,27,37,47,17,13,47,21,26,11,8,16,9,7,
0,0,0,0,0,0
37,49,38,17,35,26,11,10,25,11,36,13,6,43,21,39,
0,0,0,0,0,0
14,45,14,43,3,11,5,6,2,50,8,26,28,50,11,1,
0,0,0,0,0,0
14,18,46,35,16,30,49,5,15,3,2,15,44,28,21,18,
0,0,0,0,0,0
5,19,25,11,39,41,39,32,41,10,14,33,30,46,32,41,
0,0,0,0,0,0
50,30,26,1,1,34,38,20,18,10,17,2,6,22,24,41,
0,0,0,0,0,0
44,12,32,23,38,21,38,18,48,22,34,45,15,12,47,17,
0,0,0,0,0,0
39,31,20,12,47,18,2,3,40,7,45,4,43,33,24,11,
0,0,0,0,0,0
22,10,38,45,48,21,27,18,23,42,40,9,41,14,38,25,
0,0,0,0,0,0
34,26,2,7,18,2,5,1,47,47,11,50,3,50,7,7,
0,0,0,0,0,0
40,32,13,27,20,21,7,22,9,42,44,35,44,28,10,21,
0,0,0,0,0,0
23,5,14,8,26,5,23,17,13,41,44,19,9,27,30,6,
0,0,0,0,0,0
46,20,17,4,42,26,21,30,35,13,36,18,42,15,10,12,
0,0,0,0,0,0
11,36,28,25,10,13,31,41,3,20,49,7,34,44,14,2,
0,0,0,0,0,0
30,1,33,29,1,21,44,48,45,12,44,10,27,13,44,30,
0,0,0,0,0,0
36,5,3,2,45,17,45,47,21,20,20,44,43,2,29,46,
0,0,0,0,0,0
8,25,38,29,36,20,44,5,50,6,36,6,44,25,7,9,
0,0,0,0,0,0
19,50,29,42,34,14,19,35,40,45,22,24,25,25,32,47,
0,0,0,0,0,0
33,43,13,17,1,1,6,28,4,21,26,26,25,13,38,28,
0,0,0,0,0,0
25,45,3,21,23,33,31,15,10,50,2,30,3,7,40,33,
0,0,0,0,0,0
39,31,6,31,33,21,25,50,8,23,14,26,12,35,43,49,
0,0,0,0,0,0
15,34,43,8,1,32,3,11,3,28,47,16,31,48,44,1,
0,0,0,0,0,0
43,4,5,7,7,50,4,46,39,30,50,18,38,30,26,47,
0,0,0,0,0,0
10,30,49,34,50,26,34,20,43,27,6,13,46,44,24,32,
0,0,0,0,0,0
39,24,4,28,40,18,45,25,1,48,5,30,15,16,40,46,
0,0,0,0,0,0
6,19,36,31,33,5,27,38,4,31,3,2,33,37,22,15,
0,0,0,0,0,0
25,46,12,28,46,3,9,43,21,4,34,12,15,41,11,20,
0,0,0,0,0,0
32,18,11,8,1,32,13,14,21,22,9,10,2,26,5,2,
0,0,0,0,0,0
44,27,6,41,36,17,17,30,11,17,7,16,48,18,15,39,
0,0,0,0,0,0
36,36,20,45,26,23,26,28,7,26,24,44,15,24,50,24,
0,0,0,0,0,0
16,31,7,26,1,1,7,15,48,5,36,28,1,23,10,48,
0,0,0,0,0,0
21,47,25,21,8,1,3,26,40,41,20,25,41,38,29,50,
0,0,0,0,0,0
44,18,8,11,41,39,47,5,32,34,16,2,18,41,15,21,
0,0,0,0,0,0
49,48,42,39,6,12,12,32,26,39,33,13,48,36,1,11,
0,0,0,0,0,0
24,40,5,29,29,24,13,47,26,11,18,12,10,2,12,47,
0,0,0,0,0,0
29,14,38,7,19,14,21,15,25,19,36,50,19,15,15,12,
0,0,0,0,0,0
27,36,15,24,47,18,40,4,18,49,26,30,1,40,3,45,
0,0,0,0,0,0
13,26,23,46,16,24,49,37,15,29,6,49,43,17,42,31,
0,0,0,0,0,0
10,28,6,6,34,11,41,44,26,49,41,25,42,8,15,28,
0,0,0,0,0,0
43,35,12,39,21,40,45,27,46,27,34,11,45,35,45,31,
0,0,0,0,0,0
2,8,15,10,1,2,9,13,42,39,20,46,21,2,37,45,
0,0,0,0,0,0
40,9,23,18,46,14,26,18,9,7,20,21,26,17,23,2,
0,0,0,0,0,0
6,25,3,13,35,38,19,24,17,13,28,48,46,9,3,5,
0,0,0,0,0,0
1,35,50,6,36,25,40,40,16,3,14,12,33,37,48,19,
0,0,0,0,0,0
15,48,17,29,6,44,11,1,40,10,17,15,25,1,25,38,
0,0,0,0,0,0
42,47,17,25,6,42,15,41,26,45,50,1,36,48,10,25,
0,0,0,0,0,0
46,12,7,26,7,38,32,10,6,22,49,7,32,28,39,25,
0,0,0,0,0,0
17,19,23,5,2,7,25,49,5,21,10,21,28,26,45,37,
0,0,0,0,0,0
50,25,36,8,43,5,14,10,4,13,18,11,9,44,34,48,
0,0,0,0,0,0
33,42,5,36,2,14,17,36,1,44,6,50,25,28,42,3,
0,0,0,0,0,0
5,2,13,27,38,10,48,12,45,19,31,31,42,12,48,46,
0,0,0,0,0,0
15,33,40,36,8,8,39,44,42,13,10,32,14,36,40,39,
0,0,0,0,0,0
36,4,50,37,42,30,23,1,16,19,41,19,39,9,37,39,
0,0,0,0,0,0
8,38,3,12,44,10,39,25,28,17,31,48,33,43,28,48,
0,0,0,0,0,0
48,1,50,18,23,31,35,41,26,8,27,33,44,22,35,42,
0,0,0,0,0,0
33,5,47,7,48,4,26,24,5,1,38,50,36,34,34,27,
0,0,0,0,0,0
24,15,14,13,39,4,35,21,10,9,30,34,49,48,22,5,
0,0,0,0,0,0
15,14,28,37,29,32,13,47,33,30,35,15,15,31,24,50,
0,0,0,0,0,0
31,30,25,47,12,14,22,31,50,49,15,12,31,11,34,6,
0,0,0,0,0,0
29,43,11,26,37,45,29,40,5,50,35,8,46,35,21,10,
0,0,0,0,0,0
19,49,41,19,47,36,10,39,47,20,17,33,37,26,3,42,
0,0,0,0,0,0
47,10,46,4,14,31,33,20,24,47,47,10,50,30,2,12,
0,0,0,0,0,0
44,14,5,20,6,26,49,20,14,13,20,42,39,20,43,19,
0,0,0,0,0,0
16,26,36,23,24,50,24,16,48,30,3,7,37,47,21,10,
0,0,0,0,0,0
30,48,18,8,4,7,47,44,41,26,11,23,23,28,40,29,
0,0,0,0,0,0
34,4,27,10,29,38,22,28,9,45,23,23,43,42,2,7,
0,0,0,0,0,0
12,42,30,8,45,14,15,4,10,12,19,29,33,13,16,31,
0,0,0,0,0,0
23,9,46,7,31,38,41,45,44,22,45,11,9,2,28,14,
0,0,0,0,0,0
27,1,2,20,19,43,37,46,41,36,47,34,43,22,35,2,
0,0,0,0,0,0
38,47,19,43,16,49,26,14,19,2,40,31,40,42,20,3,
0,0,0,0,0,0
16,34,11,12,39,42,33,4,38,38,18,6,50,16,24,24,
0,0,0,0,0,0
4,21,21,32,24,43,29,30,48,3,49,4,25,46,8,48,
0,0,0,0,0,0
32,28,25,29,31,49,50,27,10,13,36,45,30,10,44,33,
0,0,0,0,0,0
38,27,43,35,29,31,14,40,48,15,36,29,13,15,27,22,
0,0,0,0,0,0
30,41,11,26,6,3,46,3,49,32,50,11,20,28,49,47,
0,0,0,0,0,0
15,7,33,13,22,47,44,44,49,35,42,9,31,45,13,18,
0,0,0,0,0,0
21,30,47,5,31,50,33,46,11,7,29,21,1,38,10,14,
0,0,0,0,0,0
42,45,37,33,17,33,5,15,46,41,34,49,19,2,20,17,
0,0,0,0,0,0
27,11,17,4,50,44,40,39,24,49,8,3,14,7,12,2,
0,0,0,0,0,0
1,47,6,7,21,24,19,19,18,38,24,46,23,22,6,28,
0,0,0,0,0,0
50,8,37,6,28,10,28,17,27,38,21,29,9,1,48,8,
0,0,0,0,0,0
29,10,49,15,17,27,7,22,11,40,40,48,18,12,30,36,
0,0,0,0,0,0
9,19,16,36,35,11,10,36,10,11,13,42,17,11,41,22,
0,0,0,0,0,0
14,50,24,45,47,13,40,13,26,4,14,25,47,35,41,16,
0,0,0,0,0,0
46,24,4,29,41,3,15,6,20,17,35,7,24,24,11,10,
0,0,0,0,0,0
22,47,43,13,20,45,31,1,8,18,16,45,33,33,3,33,
0,0,0,0,0,0
1,33,13,18,11,1,6,8,11,17,46,16,38,17,29,19,
0,0,0,0,0,0
17,44,25,9,48,7,41,46,26,15,23,6,32,13,47,1,
0,0,0,0,0,0
47,15,43,17,31,49,10,33,3,30,15,45,7,28,40,6,
0,0,0,0,0,0
31,21,19,40,28,28,4,48,49,9,43,12,32,16,40,20,
0,0,0,0,0,0
9,26,11,44,49,37,43,16,6,1,33,10,13,43,14,11,
0,0,0,0,0,0
27,41,1,16,23,28,24,5,16,9,47,38,28,12,30,46,
0,0,0,0,0,0
50,45,24,47,19,36,20,35,36,41,49,5,49,6,11,50,
0,0,0,0,0,0
41,47,32,34,21,25,32,28,48,25,24,49,14,8,22,19,
0,0,0,0,0,0
33,12,7,19,25,42,18,18,12,35,21,6,14,12,3,48,
0,0,0,0,0,0
8,42,19,16,48,11,43,39,26,13,44,17,20,30,17,6,
0,0,0,0,0,0
20,39,32,14,1,20,46,23,32,45,26,25,48,10,18,13,
0,0,0,0,0,0
42,33,2,31,45,11,25,2,23,41,49,2,6,14,27,43,
0,0,0,0,0,0
8,30,34,8,16,32,30,47,45,29,27,8,36,30,30,25,
0,0,0,0,0,0
39,49,43,37,4,9,48,41,43,12,30,28,41,19,19,27,
0,0,0,0,0,0
39,25,16,12,28,22,50,11,38,12,26,14,38,21,42,11,
0,0,0,0,0,0
3,12,6,30,39,42,36,12,23,28,8,29,4,27,10,33,
0,0,0,0,0,0
34,37,50,40,29,21,28,14,11,2,47,2,7,13,6,42,
0,0,0,0,0,0
41,11,37,9,38,8,1,9,44,9,3,30,25,43,30,20,
0,0,0,0,0,0
19,26,17,1,5,47,48,37,38,28,41,27,14,14,32,4,
0,0,0,0,0,0
21,49,25,2,22,20,40,18,30,29,45,6,50,37,26,48,
0,0,0,0,0,0
46,12,24,20,29,10,41,37,38,46,1,16,26,25,49,10,
0,0,0,0,0,0
11,20,26,10,37,42,10,27,8,17,22,40,26,2,35,39,
0,0,0,0,0,0
33,17,26,23,22,7,44,2,25,32,34,28,20,35,11,49,
0,0,0,0,0,0
22,47,34,33,7,33,48,22,30,47,43,21,32,44,25,34,
0,0,0,0,0,0
25,25,1,4,21,37,31,23,4,3,29,29,30,3,17,39,
0,0,0,0,0,0
25,22,3,38,37,8,31,37,18,6,29,48,11,9,48,4,
0,0,0,0,0,0
2,50,37,3,49,46,23,50,39,17,34,27,40,41,15,26,
0,0,0,0,0,0
19,49,39,46,7,36,6,6,19,17,10,29,10,31,34,33,
0,0,0,0,0,0
21,42,17,23,2,34,6,11,10,3,42,42,14,4,32,9,
0,0,0,0,0,0
12,29,17,10,4,5,6,25,16,47,1,20,2,29,21,8,
0,0,0,0,0,0
41,35,7,31,6,11,1,44,43,47,16,2,7,46,1,41,
0,0,0,0,0,0
3,32,29,5,36,25,11,26,37,35,37,17,17,15,30,38,
0,0,0,0,0,0
46,44,10,34,21,14,45,13,47,31,45,32,43,26,11,28,
0,0,0,0,0,0
22,40,37,11,43,28,11,39,16,41,4,34,45,31,14,43,
0,0,0,0,0,0
13,27,5,41,7,36,29,6,10,9,28,26,26,48,14,46,
0,0,0,0,0,0
18,6,28,42,6,17,8,11,15,31,30,24,29,21,26,6,
0,0,0,0,0,0
12,35,50,6,19,27,7,40,5,49,1,29,1,38,3,21,
0,0,0,0,0,0
5,41,47,49,28,45,30,50,31,8,22,35,33,32,19,29,
0,0,0,0,0,0
11,25,45,43,5,35,38,2,43,32,14,34,49,41,4,1,
0,0,0,0,0,0
2,7,3,34,23,26,24,43,11,46,24,20,18,50,33,35,
0,0,0,0,0,0
6,47,16,47,33,6,17,34,48,1,5,11,29,40,19,35,
0,0,0,0,0,0
16,13,15,23,12,33,23,8,31,20,37,33,22,3,3,45,
0,0,0,0,0,0
16,44,6,21,33,39,21,17,45,40,41,39,20,1,6,33,
0,0,0,0,0,0
50,29,32,15,5,4,25,5,14,42,43,26,46,48,11,1,
0,0,0,0,0,0
40,14,6,9,9,43,37,27,8,38,30,8,48,5,48,11,
0,0,0,0,0,0
18,36,1,5,3,30,29,9,30,25,18,20,47,33,39,21,
0,0,0,0,0,0
26,19,27,30,45,47,18,24,34,26,50,35,21,39,49,14,
0,0,0,0,0,0
41,20,23,9,19,7,21,3,28,10,38,7,40,4,28,17,
0,0,0,0,0,0
12,41,22,33,36,45,9,19,3,43,19,19,31,27,39,37,
0,0,0,0,0,0
5,40,18,25,1,34,25,3,33,50,7,16,31,49,15,16,
0,0,0,0,0,0
2,47,45,24,35,36,16,7,24,9,40,29,34,47,44,26,
0,0,0,0,0,0
13,19,49,48,30,5,22,35,29,37,37,46,30,16,21,45,
0,0,0,0,0,0
41,41,33,16,5,30,49,19,46,2,21,19,38,48,19,46,
0,0,0,0,0,0
1,30,11,12,37,35,39,16,22,25,18,30,41,13,10,30,
0,0,0,0,0,0
33,40,14,17,27,44,1,24,18,41,29,43,16,34,20,26,
0,0,0,0,0,0
27,23,2,39,43,16,23,35,7,25,42,5,14,49,45,3,
0,0,0,0,0,0
15,22,47,8,26,34,42,11,1,32,14,31,7,9,24,15,
0,0,0,0,0,0
20,9,14,21,28,49,7,17,13,14,39,44,8,45,30,45,
0,0,0,0,0,0
33,25,40,42,18,6,33,48,9,12,5,26,4,12,40,41,
0,0,0,0,0,0
26,4,9,48,29,47,23,27,33,15,18,35,29,31,2,1,
0,0,0,0,0,0
16,14,38,15,34,32,47,49,4,8,35,19,37,27,41,5,
0,0,0,0,0,0
42,15,44,24,34,42,4,44,3,50,47,12,28,22,47,25,
0,0,0,0,0,0
17,4,35,23,49,9,32,35,44,40,35,6,13,29,46,18,
0,0,0,0,0,0
7,4,40,8,38,24,37,9,43,28,39,9,5,50,18,43,
0,0,0,0,0,0
28,2,39,31,8,11,32,11,17,50,48,16,26,33,44,34,
0,0,0,0,0,0
49,15,15,47,16,8,29,36,39,19,48,11,17,15,4,45,
0,0,0,0,0,0
8,44,48,4,10,20,3,34,18,41,11,17,27,7,32,1,
0,0,0,0,0,0
36,16,48,24,26,48,18,4,26,26,41,35,20,46,9,23,
0,0,0,0,0,0
7,24,26,13,46,9,40,16,27,38,41,5,50,20,44,9,
0,0,0,0,0,0
32,2,17,13,20,15,5,46,19,12,7,4,23,41,16,3,
0,0,0,0,0,0
38,50,5,14,42,20,38,20,9,2,33,13,19,38,14,25,
0,0,0,0,0,0
27,25,19,26,24,20,46,1,42,41,40,44,33,48,19,34,
0,0,0,0,0,0
15,6,27,44,1,39,2,2,11,14,26,48,17,36,19,34,
0,0,0,0,0,0
20,1,3,41,28,9,20,16,15,13,14,24,36,2,48,4,
0,0,0,0,0,0
25,36,19,43,25,18,20,6,25,47,14,8,50,37,9,42,
0,0,0,0,0,0
15,27,24,15,5,13,28,19,25,37,18,27,27,25,26,44,
0,0,0,0,0,0
34,12,17,29,33,20,19,12,50,42,34,25,2,9,42,35,
0,0,0,0,0,0
5,32,40,44,32,16,1,45,9,19,25,1,17,6,3,24,
0,0,0,0,0,0
6,35,35,4,46,3,27,44,20,19,7,37,49,44,7,35,
0,0,0,0,0,0
29,22,31,32,14,18,43,4,13,33,33,22,42,15,16,4,
0,0,0,0,0,0
31,21,7,40,35,16,47,47,28,44,18,14,36,18,25,24,
0,0,0,0,0,0
20,46,35,25,43,25,25,14,24,32,25,12,15,16,30,41,
0,0,0,0,0,0
14,15,4,32,7,43,45,26,33,3,48,45,34,26,39,14,
0,0,0,0,0,0
25,50,27,24,36,39,3,2,7,18,35,17,48,23,13,36,
0,0,0,0,0,0
25,50,15,22,2,27,7,43,10,36,8,6,38,5,21,45,
0,0,0,0,0,0
6,36,26,45,31,26,27,43,26,23,10,7,47,32,16,8,
0,0,0,0,0,0
48,18,1,37,27,47,19,7,40,4,2,41,20,47,32,10,
0,0,0,0,0,0
1,50,25,39,18,4,28,28,45,26,10,30,35,43,19,18,
0,0,0,0,0,0
27,6,15,9,30,15,26,28,7,26,20,27,24,25,44,30,
0,0,0,0,0,0
26,46,12,42,39,43,7,47,14,9,45,11,38,23,26,42,
0,0,0,0,0,0
37,42,40,29,40,15,39,42,28,31,3,41,2,17,44,4,
0,0,0,0,0,0
6,31,4,20,22,23,16,14,50,42,27,47,10,15,45,2,
0,0,0,0,0,0
43,5,30,23,8,14,18,46,37,16,47,6,50,47,10,33,
0,0,0,0,0,0
31,41,29,49,33,39,32,26,40,19,18,20,36,5,20,10,
0,0,0,0,0,0
45,5,30,1,4,29,30,39,33,14,37,31,37,47,40,38,
0,0,0,0,0,0
46,37,4,38,49,9,7,26,31,11,5,2,20,16,11,7,
0,0,0,0,0,0
38,18,27,30,47,45,48,12,5,15,28,24,44,10,19,36,
0,0,0,0,0,0
34,47,49,10,30,44,30,31,16,1,29,9,12,26,6,7,
0,0,0,0,0,0
11,4,48,1,26,23,29,17,5,36,20,14,13,41,20,11,
0,0,0,0,0,0
4,14,38,37,10,3,48,46,48,27,47,4,2,5,18,30,
0,0,0,0,0,0
32,39,46,8,29,43,29,48,36,43,10,36,11,16,31,41,
0,0,0,0,0,0
23,23,38,27,11,49,7,21,35,27,14,40,34,45,49,21,
0,0,0,0,0,0
9,11,45,28,27,46,48,33,5,23,8,19,38,3,50,26,
0,0,0,0,0,0
40,47,42,33,2,19,12,35,15,46,9,35,1,3,38,8,
0,0,0,0,0,0
32,16,35,41,7,48,27,25,40,30,35,33,6,22,3,44,
0,0,0,0,0,0
48,46,13,4,36,47,22,46,35,24,4,6,42,17,38,11,
0,0,0,0,0,0
45,26,7,34,22,31,47,32,42,3,17,37,42,43,20,6,
0,0,0,0,0,0
2,44,36,12,26,22,45,9,10,1,6,4,31,39,6,41,
0,0,0,0,0,0
28,40,1,29,35,25,11,33,24,23,8,44,9,10,41,41,
0,0,0,0,0,0
49,32,9,10,4,41,41,14,26,39,9,47,32,11,33,20,
0,0,0,0,0,0
46,6,7,32,1,19,40,11,41,37,47,18,15,15,22,21,
0,0,0,0,0,0
42,49,2,35,43,22,39,1,15,25,44,47,4,49,49,34,
0,0,0,0,0,0
4,30,35,34,15,27,7,26,25,1,15,36,41,42,32,41,
0,0,0,0,0,0
8,17,50,8,1,42,6,7,50,42,45,4,10,33,9,14,
0,0,0,0,0,0
20,22,12,48,28,9,33,30,37,8,24,32,16,2,34,31,
0,0,0,0,0,0
41,6,13,28,34,50,47,40,35,12,2,44,27,6,22,28,
0,0,0,0,0,0
45,18,25,7,10,38,18,2,13,48,28,33,14,21,45,12,
0,0,0,0,0,0
23,28,4,45,48,38,3,28,39,4,19,25,7,11,11,36,
0,0,0,0,0,0
38,32,4,35,18,29,46,19,13,47,36,50,22,39,39,28,
0,0,0,0,0,0
12,27,20,42,39,25,41,48,17,25,15,22,36,35,30,47,
0,0,0,0,0,0
39,44,27,39,5,21,19,32,23,42,8,5,47,2,26,26,
0,0,0,0,0,0
41,35,3,43,45,29,1,37,37,50,45,34,30,29,20,26,
0,0,0,0,0,0
13,29,39,37,30,44,10,28,1,48,35,41,23,46,45,14,
0,0,0,0,0,0
20,32,5,4,36,30,30,48,1,9,46,39,37,49,29,36,
0,0,0,0,0,0
20,5,36,49,33,43,15,15,46,48,1,46,40,1,32,36,
0,0,0,0,0,0
1,3,44,43,45,31,25,50,17,1,30,19,49,43,26,42,
0,0,0,0,0,0
22,40,31,31,17,2,16,34,38,10,33,40,20,13,10,17,
0,0,0,0,0,0
16,29,11,26,4,30,46,32,22,12,22,13,47,5,24,13,
0,0,0,0,0,0
35,19,2,42,43,6,36,6,8,14,42,16,12,5,36,48,
0,0,0,0,0,0
7,14,22,19,33,22,18,28,25,13,26,16,25,20,6,38,
0,0,0,0,0,0
27,26,22,37,48,47,21,34,19,5,39,38,40,12,14,25,
0,0,0,0,0,0
11,34,27,33,49,10,5,23,1,25,43,10,1,35,9,42,
0,0,0,0,0,0
45,26,4,24,42,43,39,37,41,10,46,47,40,5,28,37,
0,0,0,0,0,0
10,16,40,9,43,35,32,48,34,32,30,35,23,5,15,20,
0,0,0,0,0,0
37,49,6,29,21,17,25,1,12,14,19,41,3,21,18,49,
0,0,0,0,0,0
9,31,36,2,49,8,7,32,32,26,16,29,47,6,8,17,
0,0,0,0,0,0
46,20,4,13,37,8,46,11,5,47,40,22,6,11,40,7,
0,0,0,0,0,0
19,17,39,37,19,28,46,17,32,37,20,33,13,17,23,48,
0,0,0,0,0,0
25,1,2,47,42,23,9,28,36,48,36,10,37,31,16,23,
0,0,0,0,0,0
20,29,47,29,6,23,46,42,34,12,23,8,47,11,14,5,
0,0,0,0,0,0
17,33,45,18,32,11,30,15,9,3,23,10,8,17,2,49,
0,0,0,0,0,0
19,13,23,26,4,27,49,26,46,22,10,32,40,3,2,42,
0,0,0,0,0,0
1,32,9,35,48,47,30,18,20,18,23,30,19,8,46,35,
0,0,0,0,0,0
2,17,7,16,7,12,25,31,17,4,44,17,15,5,25,3,
0,0,0,0,0,0
9,22,42,34,15,25,26,7,39,11,31,19,8,6,39,12,
0,0,0,0,0,0
14,22,29,24,6,37,5,15,26,7,7,46,38,28,10,45,
0,0,0,0,0,0
15,14,41,10,5,43,23,2,44,25,31,36,8,23,10,25,
0,0,0,0,0,0
48,50,44,38,4,5,33,11,37,5,34,11,16,23,11,11,
0,0,0,0,0,0
14,20,19,28,26,3,22,29,13,48,49,5,30,4,35,24,
0,0,0,0,0,0
41,21,44,34,15,2,46,12,18,35,5,48,18,18,5,35,
0,0,0,0,0,0
21,34,6,5,13,31,20,38,34,31,22,32,44,4,9,39,
0,0,0,0,0,0
24,24,39,42,4,41,13,16,31,32,4,29,38,32,14,15,
0,0,0,0,0,0
36,48,28,39,2,44,28,10,27,38,18,8,19,22,12,36,
0,0,0,0,0,0
14,42,49,5,42,2,34,4,6,32,5,28,24,8,21,41,
0,0,0,0,0,0
28,42,7,15,7,6,6,11,8,14,11,25,44,18,17,22,
0,0,0,0,0,0
3,24,6,6,40,2,16,9,23,26,42,41,5,13,33,29,
0,0,0,0,0,0
19,7,16,39,30,18,16,44,48,39,40,9,30,19,30,38,
0,0,0,0,0,0
26,15,4,43,45,3,16,29,6,44,18,42,21,14,44,25,
0,0,0,0,0,0
45,10,3,47,13,40,49,4,41,29,29,9,45,16,32,13,
0,0,0,0,0,0
21,7,9,21,1,17,18,7,40,32,14,18,17,2,42,46,
0,0,0,0,0,0
14,45,14,8,31,33,25,23,36,33,10,46,45,28,9,6,
0,0,0,0,0,0
17,13,46,44,42,6,5,40,27,32,33,12,10,25,29,28,
0,0,0,0,0,0
16,38,39,23,47,25,42,32,20,31,47,44,29,19,13,10,
0,0,0,0,0,0
9,29,38,39,36,27,13,24,4,9,18,6,32,7,28,3,
0,0,0,0,0,0
19,16,50,2,11,33,33,6,3,36,25,12,34,30,50,50,
0,0,0,0,0,0
18,34,20,44,41,32,8,45,13,11,4,42,8,1,23,6,
0,0,0,0,0,0
39,46,39,35,6,16,35,17,32,7,2,44,48,24,17,50,
0,0,0,0,0,0
21,19,1,19,33,17,36,40,24,24,36,47,12,50,27,44,
0,0,0,0,0,0
34,19,14,31,33,21,35,37,14,7,31,6,19,26,7,41,
0,0,0,0,0,0
43,20,36,13,47,38,50,28,37,12,8,38,43,4,2,16,
0,0,0,0,0,0
2,24,10,23,23,13,40,19,40,45,24,50,11,50,43,34,
0,0,0,0,0,0
10,36,29,32,1,34,5,22,19,45,12,25,41,21,15,1,
0,0,0,0,0,0
7,19,43,17,39,8,28,23,33,23,7,50,12,12,5,11,
0,0,0,0,0,0
48,36,1,49,32,18,7,6,7,6,46,40,20,12,7,48,
0,0,0,0,0,0
50,25,32,26,15,12,4,39,44,28,15,6,26,26,15,43,
0,0,0,0,0,0
26,35,25,29,6,38,46,49,37,16,33,4,44,44,14,20,
0,0,0,0,0,0
37,19,23,44,31,9,23,22,28,25,7,47,28,23,46,13,
0,0,0,0,0,0
20,16,46,4,25,5,23,27,9,15,36,20,31,15,4,13,
0,0,0,0,0,0
3,43,23,36,33,32,17,5,24,29,28,12,32,30,38,9,
0,0,0,0,0,0
48,47,47,1,27,31,12,18,29,48,30,26,23,45,33,15,
0,0,0,0,0,0
16,47,2,30,44,27,9,16,2,42,36,45,30,44,34,5,
0,0,0,0,0,0
23,16,11,37,45,28,41,35,1,11,13,5,11,40,1,49,
0,0,0,0,0,0
23,8,6,7,38,33,8,12,29,45,6,37,45,49,39,36,
0,0,0,0,0,0
25,9,20,47,9,20,47,30,25,32,14,10,28,11,16,44,
0,0,0,0,0,0
45,18,33,11,25,13,33,34,42,26,38,20,11,2,13,14,
0,0,0,0,0,0
39,30,3,3,40,27,5,25,46,43,45,20,16,42,8,45,
0,0,0,0,0,0
28,20,11,13,28,47,43,2,20,8,43,18,50,31,9,2,
0,0,0,0,0,0
50,50,34,10,18,2,2,40,49,32,29,6,31,6,23,48,
0,0,0,0,0,0
43,20,50,21,23,4,30,7,24,27,29,16,2,29,20,31,
0,0,0,0,0,0
17,30,7,44,29,16,13,7,25,8,21,22,35,11,33,14,
0,0,0,0,0,0
17,2,16,37,4,33,16,22,29,30,38,5,44,2,3,26,
0,0,0,0,0,0
35,24,22,36,31,35,37,28,36,15,22,21,47,1,27,45,
0,0,0,0,0,0
47,36,4,19,29,49,19,9,30,47,9,33,21,32,32,47,
0,0,0,0,0,0
10,44,3,14,10,34,20,5,44,11,41,18,31,46,16,35,
0,0,0,0,0,0
33,48,31,38,4,20,41,38,25,50,2,27,7,11,13,42,
0,0,0,0,0,0
42,47,42,38,13,45,11,27,34,40,39,13,15,23,20,31,
0,0,0,0,0,0
50,17,33,35,7,43,8,48,30,10,23,25,31,48,6,32,
0,0,0,0,0,0
21,2,8,16,19,20,47,37,40,50,3,29,45,6,21,36,
0,0,0,0,0,0
23,16,10,39,13,21,22,48,18,24,44,15,16,34,46,26,
0,0,0,0,0,0
34,14,35,36,43,5,28,38,11,41,4,8,39,7,20,5,
0,0,0,0,0,0
39,13,47,30,31,6,14,23,4,32,13,28,10,45,42,36,
0,0,0,0,0,0
14,34,1,50,2,45,24,19,11,38,31,23,47,4,15,46,
0,0,0,0,0,0
1,15,4,39,8,20,43,30,2,38,8,2,34,18,34,25,
0,0,0,0,0,0
12,20,35,26,15,34,9,23,49,6,32,47,16,36,34,14,
0,0,0,0,0,0
24,15,1,39,14,28,32,16,39,5,48,25,40,25,28,48,
0,0,0,0,0,0
15,29,5,13,50,16,49,47,35,35,14,9,44,39,9,44,
0,0,0,0,0,0
13,44,23,1,40,50,19,9,43,46,45,15,26,7,21,40,
0,0,0,0,0,0
8,2,38,8,31,42,25,21,35,40,47,10,8,3,21,49,
0,0,0,0,0,0
25,22,9,19,36,42,50,50,17,1,36,43,2,34,28,7,
0,0,0,0,0,0
28,4,36,39,10,3,14,29,47,3,24,15,35,33,31,13,
0,0,0,0,0,0
38,32,26,37,47,33,25,44,24,25,20,23,37,8,7,25,
0,0,0,0,0,0
20,47,44,31,22,13,34,47,16,24,15,9,23,46,24,25,
0,0,0,0,0,0
38,14,41,10,22,31,31,22,7,34,36,16,11,20,10,22,
0,0,0,0,0,0
44,10,14,46,6,8,8,41,5,40,20,39,8,35,4,47,
0,0,0,0,0,0
12,36,42,45,12,44,30,2,18,6,40,31,5,16,26,7,
0,0,0,0,0,0
32,41,11,5,9,33,9,33,34,8,44,14,46,42,3,31,
0,0,0,0,0,0
36,33,4,18,2,16,20,29,48,5,50,20,48,30,2,48,
0,0,0,0,0,0
33,44,30,28,31,30,30,29,24,13,48,44,20,4,19,29,
0,0,0,0,0,0
3,14,10,48,31,50,5,38,40,20,40,38,22,41,21,28,
0,0,0,0,0,0
26,44,27,41,5,26,34,45,1,25,30,31,6,37,16,15,